0#0#1/0/0/0/0/1/0/0/0/0/1/0/0/0/0/1
1#0.01111111#1/0/0/0/0/1/0/0/0/0/1/0/0/0/0/1
2#0.02222222#1/0/0/0/0/1/0/0/0/0/1/0/0/0/0/1
3#0.03333334#1/0/0/0/0/1/0/0/0/0/1/0/0/0/0/1
4#0.04444445#1/0/0/0/0/1/0/0/0/0/1/0/0/0/0/1
5#0.05555556#1/0/0/0/0/1/0/0/0/0/1/0/0/0/0/1
6#0.06666667#1/0/0/0/0/1/0/0/0/0/1/0/0/0/0/1
7#0.07777778#1/0/0/0/0/1/0/0/0/0/1/0/0/0/0/1
8#0.08888889#1/0/0/0/0/1/0/0/0/0/1/0/0/0/0/1
9#0.1#1/0/0/0/0/1/0/0/0/0/1/0/0/0/0/1
10#0.1111111#1/0/0/0/0/1/0/0/0/0/1/0/0/0/0/1
11#0.1222222#1/0/0/0/0/1/0/0/0/0/1/0/0/0/0/1
12#0.1333333#1/0/0/0/0/1/0/0/0/0/1/0/0/0/0/1
13#0.1444445#1/0/0/0/0/1/0/0/0/0/1/0/0/0/0/1
14#0.1555556#1/0/0/0/0/1/0/0/0/0/1/0/0/0/0/1
15#0.1666667#1/0/0/0/0/1/0/0/0/0/1/0/0/0/0/1
16#0.1777778#1/0/0/0/0/1/0/0/0/0/1/0/0/0/0/1
17#0.1888889#1/0/0/0/0/1/0/0/0/0/1/0/0/0/0/1
18#0.2#1/0/0/0/0/1/0/0/0/0/1/0/0/0/0/1
19#0.2111111#1/0/0/0/0/1/0/0/0/0/1/0/0/0/0/1
20#0.2222222#1/0/0/0/0/1/0/0/0/0/1/0/0/0/0/1
21#0.2333333#1/0/0/0/0/1/0/0/0/0/1/0/0/0/0/1
22#0.2444444#1/0/0/0/0/1/0/0/0/0/1/0/0/0/0/1
23#0.2555556#1/0/0/0/0/1/0/0/0/0/1/0/0/0/0/1
24#0.2666667#1/0/0/0/0/1/0/0/0/0/1/0/0/0/0/1
25#0.2777778#1/0/0/0/0/1/0/0/0/0/1/0/0/0/0/1
26#0.2888889#0.9798794/-0.03578761/-0.1963552/0.367063/0.08475996/0.9652891/0.247048/0.9663119/0.1806983/-0.2587203/0.9489003/1.034479/0/0/0/1
27#0.3#0.9798794/-0.03578761/-0.1963552/0.367063/0.08475996/0.9652891/0.247048/0.9663119/0.1806983/-0.2587203/0.9489003/1.034479/0/0/0/1
28#0.3111111#0.9798425/-0.0358302/-0.196532/0.367012/0.08488092/0.9652361/0.2472133/0.966344/0.1808421/-0.2589119/0.9488207/1.034458/0/0/0/1
29#0.3222222#0.979821/-0.03576821/-0.1966508/0.3670144/0.08482717/0.965274/0.2470843/0.9662725/0.1809841/-0.2587797/0.9488297/1.034437/0/0/0/1
30#0.3333333#0.9798307/-0.03579804/-0.1965964/0.3667687/0.08479253/0.9653432/0.2468251/0.9664627/0.1809472/-0.2585168/0.9489084/1.03449/0/0/0/1
31#0.3444445#0.9798436/-0.035539/-0.1965795/0.3672637/0.08458059/0.9652977/0.2470759/0.9663144/0.1809769/-0.2587225/0.9488467/1.034365/0/0/0/1
32#0.3555556#0.9798579/-0.03557407/-0.1965021/0.3672731/0.08457206/0.9653284/0.2469589/0.9663197/0.1809037/-0.2586032/0.9488932/1.034348/0/0/0/1
33#0.3666667#0.9798699/-0.03571157/-0.1964166/0.367606/0.08474141/0.9652371/0.2472572/0.966089/0.1807587/-0.2589246/0.9488332/1.034377/0/0/0/1
34#0.3777778#0.9798457/-0.03567281/-0.1965447/0.3675894/0.08475599/0.9652112/0.2473534/0.9661193/0.1808834/-0.2590265/0.9487815/1.034356/0/0/0/1
35#0.3888889#0.979867/-0.03574286/-0.196426/0.3675073/0.08477642/0.9652318/0.2472659/0.9660752/0.1807587/-0.25894/0.9488289/1.034323/0/0/0/1
36#0.4#0.979882/-0.03563421/-0.1963704/0.3675039/0.08464082/0.9652621/0.2471945/0.9660747/0.1807403/-0.2588424/0.9488591/1.034308/0/0/0/1
37#0.4111111#0.9798895/-0.03556586/-0.1963452/0.3673597/0.08454645/0.9652975/0.2470879/0.9660571/0.1807437/-0.2587191/0.9488921/1.034403/0/0/0/1
38#0.4222222#0.9798799/-0.03546267/-0.1964123/0.3673454/0.08448451/0.965274/0.2472019/0.9660844/0.1808252/-0.258822/0.9488485/1.034362/0/0/0/1
39#0.4333333#0.9798586/-0.03542073/-0.1965262/0.3675993/0.08444371/0.965318/0.2470441/0.9658976/0.1809598/-0.2586637/0.948866/1.034331/0/0/0/1
40#0.4444444#0.9799064/-0.0354014/-0.1962908/0.3671618/0.08433418/0.965364/0.2469008/0.966217/0.1807515/-0.2584938/0.948952/1.034445/0/0/0/1
41#0.4555556#0.9799073/-0.03539688/-0.1962868/0.3671446/0.08433996/0.9653484/0.2469602/0.9661926/0.1807435/-0.258553/0.9489373/1.034436/0/0/0/1
42#0.4666667#0.97994/-0.0351501/-0.1961685/0.3670051/0.08404405/0.9654024/0.2468497/0.9663247/0.1807048/-0.2583846/0.9489906/1.03454/0/0/0/1
43#0.4777778#0.9799321/-0.03518345/-0.196202/0.3669732/0.08409801/0.9653814/0.2469132/0.9663197/0.1807226/-0.2584584/0.948967/1.034547/0/0/0/1
44#0.4888889#0.9799044/-0.03503871/-0.1963661/0.3669307/0.08400035/0.9653887/0.2469181/0.9663336/0.1809179/-0.2584509/0.9489319/1.034582/0/0/0/1
45#0.5#0.9799054/-0.03505429/-0.1963582/0.3669051/0.08401865/0.9653804/0.2469446/0.9663302/0.1809039/-0.2584801/0.9489267/1.034598/0/0/0/1
46#0.5111111#0.9799164/-0.03510175/-0.196295/0.3667254/0.08406472/0.9653544/0.2470301/0.9664962/0.180823/-0.2585704/0.9489175/1.0346/0/0/0/1
47#0.5222222#0.9799334/-0.03488319/-0.1962492/0.3670915/0.08390389/0.9652787/0.2473804/0.96653/0.1808058/-0.2588824/0.9488357/1.034484/0/0/0/1
48#0.5333334#0.9799334/-0.03488319/-0.1962492/0.3670915/0.08390389/0.9652787/0.2473804/0.96653/0.1808058/-0.2588824/0.9488357/1.034484/0/0/0/1
49#0.5444444#0.9799334/-0.03488319/-0.1962492/0.3670915/0.08390389/0.9652787/0.2473804/0.96653/0.1808058/-0.2588824/0.9488357/1.034484/0/0/0/1
50#0.5555556#0.9799334/-0.03488319/-0.1962492/0.3670915/0.08390389/0.9652787/0.2473804/0.96653/0.1808058/-0.2588824/0.9488357/1.034484/0/0/0/1
51#0.5666667#0.9799334/-0.03488319/-0.1962492/0.3670915/0.08390389/0.9652787/0.2473804/0.96653/0.1808058/-0.2588824/0.9488357/1.034484/0/0/0/1
52#0.5777778#0.9799334/-0.03488319/-0.1962492/0.3670915/0.08390389/0.9652787/0.2473804/0.96653/0.1808058/-0.2588824/0.9488357/1.034484/0/0/0/1
53#0.5888889#0.9799334/-0.03488319/-0.1962492/0.3670915/0.08390389/0.9652787/0.2473804/0.96653/0.1808058/-0.2588824/0.9488357/1.034484/0/0/0/1
54#0.6#0.9799334/-0.03488319/-0.1962492/0.3670915/0.08390389/0.9652787/0.2473804/0.96653/0.1808058/-0.2588824/0.9488357/1.034484/0/0/0/1
55#0.6111111#0.9799334/-0.03488319/-0.1962492/0.3670915/0.08390389/0.9652787/0.2473804/0.96653/0.1808058/-0.2588824/0.9488357/1.034484/0/0/0/1
56#0.6222222#0.9799334/-0.03488319/-0.1962492/0.3670915/0.08390389/0.9652787/0.2473804/0.96653/0.1808058/-0.2588824/0.9488357/1.034484/0/0/0/1
57#0.6333333#0.9799334/-0.03488319/-0.1962492/0.3670915/0.08390389/0.9652787/0.2473804/0.96653/0.1808058/-0.2588824/0.9488357/1.034484/0/0/0/1
58#0.6444445#0.9799334/-0.03488319/-0.1962492/0.3670915/0.08390389/0.9652787/0.2473804/0.96653/0.1808058/-0.2588824/0.9488357/1.034484/0/0/0/1
59#0.6555555#0.9799334/-0.03488319/-0.1962492/0.3670915/0.08390389/0.9652787/0.2473804/0.96653/0.1808058/-0.2588824/0.9488357/1.034484/0/0/0/1
60#0.6666667#0.9799334/-0.03488319/-0.1962492/0.3670915/0.08390389/0.9652787/0.2473804/0.96653/0.1808058/-0.2588824/0.9488357/1.034484/0/0/0/1
61#0.6777778#0.9799334/-0.03488319/-0.1962492/0.3670915/0.08390389/0.9652787/0.2473804/0.96653/0.1808058/-0.2588824/0.9488357/1.034484/0/0/0/1
62#0.6888889#0.9799334/-0.03488319/-0.1962492/0.3670915/0.08390389/0.9652787/0.2473804/0.96653/0.1808058/-0.2588824/0.9488357/1.034484/0/0/0/1
63#0.7#0.9799255/-0.03492781/-0.1962805/0.3668915/0.08396721/0.9652585/0.247438/0.9664812/0.180819/-0.2589519/0.9488142/1.034477/0/0/0/1
64#0.7111111#0.979906/-0.03492954/-0.1963775/0.3668594/0.08397616/0.965283/0.2473393/0.9664862/0.1809204/-0.2588603/0.9488199/1.034473/0/0/0/1
65#0.7222223#0.9799185/-0.03495705/-0.1963103/0.3668268/0.08400926/0.9652478/0.2474654/0.9665096/0.1808374/-0.2589878/0.9488008/1.034448/0/0/0/1
66#0.7333333#0.9799243/-0.03486054/-0.1962986/0.3666621/0.08395217/0.9651974/0.2476811/0.9667306/0.1808326/-0.2591884/0.948747/1.034401/0/0/0/1
67#0.7444445#0.9799355/-0.03499529/-0.1962188/0.3667402/0.08405246/0.9652035/0.2476236/0.9666305/0.1807254/-0.2591479/0.9487784/1.034487/0/0/0/1
68#0.7555556#0.9799564/-0.03509876/-0.1960956/0.366721/0.08410989/0.9652137/0.2475641/0.9666113/0.180585/-0.2590955/0.9488196/1.034485/0/0/0/1
69#0.7666667#0.9799108/-0.03501467/-0.1963385/0.3664203/0.08407269/0.9652435/0.2474607/0.9666992/0.1808497/-0.2589961/0.9487963/1.034618/0/0/0/1
70#0.7777778#0.9799043/-0.03509736/-0.1963562/0.3663782/0.08415555/0.9652407/0.247443/0.9667134/0.1808464/-0.2589949/0.9487972/1.034624/0/0/0/1
71#0.7888889#0.9799128/-0.03480511/-0.1963657/0.3665785/0.08388126/0.9652498/0.2475011/0.9666127/0.1809276/-0.2590008/0.9487803/1.034568/0/0/0/1
72#0.8#0.9799143/-0.03484756/-0.1963503/0.366542/0.08394068/0.9652154/0.2476151/0.9666291/0.1808915/-0.2591234/0.9487536/1.034565/0/0/0/1
73#0.8111112#0.9799597/-0.03458007/-0.1961713/0.366634/0.08363397/0.9652354/0.2476408/0.9667042/0.180788/-0.2590846/0.9487839/1.034509/0/0/0/1
74#0.8222222#0.9799521/-0.03456283/-0.196212/0.3666045/0.08362895/0.9652345/0.2476461/0.9667045/0.1808312/-0.2590903/0.9487741/1.034496/0/0/0/1
75#0.8333334#0.9799292/-0.03450149/-0.1963376/0.366696/0.08357811/0.9652714/0.2475193/0.9666264/0.1809793/-0.2589609/0.9487812/1.034557/0/0/0/1
76#0.8444445#0.9799668/-0.03436672/-0.1961732/0.3665017/0.08345148/0.9652147/0.2477831/0.9667838/0.1808338/-0.2591902/0.9487463/1.034575/0/0/0/1
77#0.8555556#0.9799725/-0.03419056/-0.1961751/0.3664753/0.08326606/0.9652474/0.2477181/0.966785/0.1808879/-0.2590916/0.9487628/1.034579/0/0/0/1
78#0.8666667#0.979968/-0.03430502/-0.1961778/0.3664501/0.08339546/0.9652147/0.2478017/0.9668106/0.1808528/-0.2591981/0.9487405/1.034524/0/0/0/1
79#0.8777778#0.9799652/-0.03424593/-0.1962029/0.3664265/0.08333936/0.9652259/0.2477772/0.9668299/0.1808948/-0.2591644/0.9487417/1.034522/0/0/0/1
80#0.8888889#0.980032/-0.03410587/-0.1958939/0.3663575/0.08309514/0.9652783/0.2476557/0.9669584/0.1806456/-0.2589883/0.9488373/1.03463/0/0/0/1
81#0.9#0.9800568/-0.03378583/-0.1958243/0.3663888/0.08277395/0.9652885/0.2477226/0.9670064/0.1806574/-0.2589914/0.9488342/1.034615/0/0/0/1
82#0.9111111#0.9800298/-0.03385668/-0.1959472/0.366398/0.0829394/0.9651899/0.2480513/0.9669247/0.1807281/-0.2593494/0.948723/1.034407/0/0/0/1
83#0.9222223#0.9801601/-0.03342409/-0.1953691/0.3659567/0.08237632/0.9652131/0.2481488/0.9672747/0.1802786/-0.2593194/0.9488167/1.034523/0/0/0/1
84#0.9333333#0.9800436/-0.03378423/-0.1958908/0.3662579/0.08287176/0.9651702/0.2481506/0.9670444/0.1806844/-0.2594322/0.9487087/1.034451/0/0/0/1
85#0.9444445#0.9800842/-0.03376047/-0.1956924/0.3660946/0.08279818/0.9651722/0.2481676/0.9669577/0.1804986/-0.2594281/0.9487451/1.034665/0/0/0/1
86#0.9555556#0.980081/-0.03391159/-0.1956821/0.3660581/0.08293773/0.965169/0.2481334/0.9669361/0.1804517/-0.2594202/0.9487562/1.034669/0/0/0/1
87#0.9666667#0.9800821/-0.03383845/-0.1956886/0.3660918/0.08286235/0.9651823/0.2481066/0.9669681/0.1804796/-0.2593801/0.9487619/1.034644/0/0/0/1
88#0.9777778#0.980074/-0.03399921/-0.1957011/0.3660492/0.08303846/0.9651477/0.2481825/0.9669511/0.1804425/-0.2594879/0.9487396/1.034642/0/0/0/1
89#0.9888889#0.9800755/-0.03422442/-0.1956544/0.3663507/0.08325197/0.9651234/0.2482052/0.9668088/0.1803359/-0.2595484/0.9487432/1.034546/0/0/0/1
90#1#0.9800633/-0.03427132/-0.1957074/0.3663298/0.08331925/0.9651085/0.248241/0.9668186/0.1803713/-0.2595981/0.9487228/1.034535/0/0/0/1
91#1.011111#0.9800494/-0.03450654/-0.1957356/0.3666746/0.08352662/0.9651336/0.2480734/0.9665251/0.1803508/-0.2594734/0.9487609/1.0345/0/0/0/1
92#1.022222#0.980048/-0.03471243/-0.1957062/0.3666711/0.0837172/0.9651229/0.2480509/0.9665051/0.1802701/-0.2594858/0.9487728/1.034498/0/0/0/1
93#1.033333#0.9800121/-0.03470899/-0.1958868/0.3667256/0.08381136/0.9650486/0.2483082/0.9665797/0.1804217/-0.2597625/0.9486682/1.034542/0/0/0/1
94#1.044444#0.9800294/-0.03495039/-0.1957571/0.3668682/0.08403637/0.9649988/0.2484253/0.9663674/0.1802229/-0.2599148/0.9486642/1.034473/0/0/0/1
95#1.055556#0.9800038/-0.03512122/-0.1958544/0.3668631/0.0842106/0.965011/0.248319/0.9663264/0.1802803/-0.2598466/0.9486721/1.034471/0/0/0/1
96#1.066667#0.9800102/-0.03535444/-0.1957809/0.3664871/0.08441639/0.9649985/0.2482976/0.966517/0.1801499/-0.2598613/0.9486929/1.03452/0/0/0/1
97#1.077778#0.9800063/-0.03541195/-0.1957896/0.3664775/0.08449881/0.9649595/0.2484212/0.9665267/0.180132/-0.2599983/0.9486587/1.0345/0/0/0/1
98#1.088889#0.9800121/-0.03540975/-0.195761/0.3664744/0.08447869/0.9649752/0.2483671/0.9665073/0.1801099/-0.2599405/0.9486787/1.034489/0/0/0/1
99#1.1#0.9799806/-0.03556577/-0.1958902/0.3664536/0.08467452/0.964948/0.2484058/0.9664965/0.1801891/-0.2600197/0.948642/1.034476/0/0/0/1
100#1.111111#0.9799622/-0.03557329/-0.1959811/0.3666883/0.08468504/0.9649761/0.2482932/0.9664328/0.1802845/-0.2599146/0.9486527/1.034502/0/0/0/1
101#1.122222#0.9799679/-0.03558566/-0.1959501/0.3666959/0.08468013/0.9649884/0.2482472/0.9664241/0.1802555/-0.2598674/0.9486711/1.034493/0/0/0/1
102#1.133333#0.9799636/-0.03541631/-0.1960022/0.3664595/0.08451458/0.9650203/0.2481797/0.966664/0.1803565/-0.2597721/0.948678/1.034588/0/0/0/1
103#1.144444#0.9799946/-0.0353521/-0.1958592/0.3663454/0.0844558/0.9649673/0.2484061/0.9668649/0.180216/-0.2599781/0.9486483/1.034491/0/0/0/1
104#1.155556#0.9799806/-0.03524759/-0.1959478/0.3663495/0.08437083/0.9649826/0.2483746/0.9668704/0.1803316/-0.2599345/0.9486383/1.03448/0/0/0/1
105#1.166667#0.9800012/-0.03518799/-0.1958558/0.3659658/0.08427576/0.9650066/0.2483138/0.9671127/0.1802645/-0.2598537/0.9486731/1.034468/0/0/0/1
106#1.177778#0.9799935/-0.03517402/-0.1958968/0.365941/0.08428438/0.9649906/0.2483734/0.9671209/0.1803022/-0.2599154/0.9486491/1.034445/0/0/0/1
107#1.188889#0.9800234/-0.03505953/-0.1957675/0.3661075/0.0841643/0.9649639/0.2485184/0.9671034/0.1801956/-0.2600305/0.9486378/1.034394/0/0/0/1
108#1.2#0.9800313/-0.03504342/-0.1957305/0.3663363/0.08411644/0.9649977/0.2484026/0.9667727/0.1801746/-0.2599064/0.9486758/1.034473/0/0/0/1
109#1.211111#0.9800285/-0.03496388/-0.1957594/0.3663281/0.08405009/0.964998/0.2484245/0.9667863/0.1802215/-0.2599167/0.948664/1.034454/0/0/0/1
110#1.222222#0.9800625/-0.03487669/-0.1956039/0.3660357/0.08392379/0.9650069/0.2484325/0.9670173/0.1800945/-0.2598952/0.9486942/1.034556/0/0/0/1
111#1.233333#0.980086/-0.03473601/-0.1955119/0.3660446/0.08373854/0.9650526/0.2483167/0.9670202/0.1800538/-0.2597436/0.9487433/1.03455/0/0/0/1
112#1.244444#0.9800996/-0.0345344/-0.1954796/0.3658908/0.08350891/0.9651029/0.2481988/0.9671479/0.1800865/-0.2595838/0.9487808/1.034581/0/0/0/1
113#1.255556#0.9800732/-0.03449744/-0.195618/0.365869/0.08352079/0.9650869/0.2482566/0.9671727/0.1802242/-0.2596478/0.9487372/1.034574/0/0/0/1
114#1.266667#0.9801155/-0.03414793/-0.1954673/0.3664531/0.0831322/0.9651257/0.2482364/0.9669963/0.1801738/-0.25955/0.9487734/1.034501/0/0/0/1
115#1.277778#0.9801261/-0.03417211/-0.1954108/0.3664706/0.08314712/0.9651159/0.2482697/0.9670352/0.1801102/-0.2595834/0.9487764/1.034479/0/0/0/1
116#1.288889#0.9801068/-0.03410497/-0.1955184/0.3667291/0.08309442/0.9651414/0.2481879/0.9667444/0.1802385/-0.2594971/0.9487757/1.034432/0/0/0/1
117#1.3#0.9801111/-0.03406924/-0.1955031/0.3667511/0.083047/0.9651566/0.2481451/0.9667284/0.180237/-0.2594457/0.94879/1.034425/0/0/0/1
118#1.311111#0.9801092/-0.0341328/-0.1955015/0.3667733/0.08310092/0.965163/0.2481018/0.9667292/0.1802224/-0.2594132/0.9488017/1.034424/0/0/0/1
119#1.322222#0.980135/-0.03402553/-0.1953912/0.3668052/0.08297594/0.9651598/0.2481562/0.9667468/0.1801401/-0.2594394/0.9488101/1.03441/0/0/0/1
120#1.333333#0.9801397/-0.03401268/-0.1953698/0.3668258/0.08296522/0.9651503/0.2481968/0.9667449/0.1801194/-0.2594764/0.948804/1.034398/0/0/0/1
121#1.344445#0.9801371/-0.03423026/-0.1953445/0.3666154/0.08320674/0.9650832/0.2483764/0.9667239/0.1800217/-0.2596969/0.9487622/1.034561/0/0/0/1
122#1.355556#0.9801227/-0.03420074/-0.195422/0.3666198/0.08319519/0.9650888/0.2483587/0.9667279/0.1801055/-0.2596802/0.9487509/1.034548/0/0/0/1
123#1.366667#0.9800557/-0.03442306/-0.1957186/0.3668446/0.08347569/0.9650894/0.248262/0.9664892/0.18034/-0.2596484/0.948715/1.03444/0/0/0/1
124#1.377778#0.9800642/-0.03442083/-0.1956762/0.3668733/0.08347946/0.9650657/0.2483536/0.9664787/0.1802918/-0.2597374/0.9486998/1.034422/0/0/0/1
125#1.388889#0.9800392/-0.034373/-0.1958103/0.3671633/0.08346242/0.9650754/0.2483215/0.9662274/0.1804362/-0.2597076/0.9486805/1.034358/0/0/0/1
126#1.4#0.9800516/-0.03460491/-0.195707/0.3674283/0.08362062/0.9651189/0.2480988/0.9659519/0.1802951/-0.2595148/0.9487601/1.034382/0/0/0/1
127#1.411111#0.9800516/-0.03460491/-0.195707/0.3674283/0.08362062/0.9651189/0.2480988/0.9659519/0.1802951/-0.2595148/0.9487601/1.034382/0/0/0/1
128#1.422222#0.9800251/-0.03470767/-0.195822/0.3674396/0.08375993/0.9650972/0.2481364/0.9659077/0.180375/-0.259582/0.9487265/1.034365/0/0/0/1
129#1.433333#0.9800255/-0.03483161/-0.1957976/0.3674708/0.08385809/0.9651121/0.2480452/0.9658785/0.1803268/-0.2595098/0.9487554/1.034351/0/0/0/1
130#1.444445#0.9800361/-0.03485309/-0.195741/0.3675038/0.08387806/0.9650913/0.2481192/0.9658445/0.1802602/-0.2595841/0.9487478/1.034339/0/0/0/1
131#1.455556#0.9800203/-0.03509199/-0.1957771/0.3671551/0.08408245/0.9651284/0.2479055/0.966127/0.1802506/-0.2594138/0.9487962/1.034478/0/0/0/1
132#1.466667#0.9799944/-0.03519094/-0.1958893/0.36722/0.08418515/0.9651532/0.2477743/0.9661585/0.1803438/-0.2593084/0.9488073/1.034464/0/0/0/1
133#1.477778#0.9799873/-0.03525804/-0.1959126/0.3672467/0.08426145/0.9651414/0.2477952/0.9661444/0.1803465/-0.259344/0.948797/1.034455/0/0/0/1
134#1.488889#0.9799632/-0.03527893/-0.1960292/0.3674168/0.08431464/0.9651349/0.2478015/0.9660521/0.1804524/-0.2593645/0.9487713/1.034415/0/0/0/1
135#1.5#0.979956/-0.03537125/-0.1960487/0.3674559/0.08439368/0.9651513/0.2477114/0.9660271/0.1804548/-0.2592916/0.9487908/1.034408/0/0/0/1
136#1.511111#0.9799115/-0.03538334/-0.1962685/0.3675244/0.08443905/0.9651818/0.2475764/0.965941/0.1806747/-0.2591757/0.9487806/1.0344/0/0/0/1
137#1.522222#0.9799066/-0.03544196/-0.1962826/0.3675608/0.0844944/0.9651853/0.2475439/0.9659097/0.1806757/-0.2591547/0.9487861/1.034394/0/0/0/1
138#1.533333#0.9799143/-0.03544935/-0.1962426/0.3676188/0.08449068/0.9651859/0.2475428/0.965906/0.1806353/-0.2591513/0.9487947/1.034348/0/0/0/1
139#1.544444#0.9799203/-0.03552705/-0.1961985/0.3676581/0.08455032/0.9651875/0.2475163/0.9658829/0.1805748/-0.2591349/0.9488108/1.034338/0/0/0/1
140#1.555556#0.9798855/-0.03556686/-0.1963656/0.3678115/0.08462368/0.9651957/0.2474595/0.9657987/0.1807299/-0.2590992/0.9487909/1.034335/0/0/0/1
141#1.566667#0.9799083/-0.03548539/-0.1962662/0.3679156/0.08450028/0.9652286/0.2473732/0.9656726/0.1806637/-0.2589877/0.9488341/1.034407/0/0/0/1
142#1.577778#0.9799103/-0.03543926/-0.1962647/0.3679445/0.08444667/0.9652436/0.2473327/0.9656641/0.1806779/-0.2589377/0.948845/1.034412/0/0/0/1
143#1.588889#0.9798844/-0.0354698/-0.1963885/0.367977/0.08448998/0.9652669/0.2472272/0.9656812/0.1807983/-0.2588469/0.9488468/1.034399/0/0/0/1
144#1.6#0.9798914/-0.03548395/-0.1963509/0.368021/0.08450142/0.9652556/0.2472673/0.9656814/0.1807548/-0.258887/0.9488443/1.034408/0/0/0/1
145#1.611111#0.9799113/-0.03534048/-0.1962785/0.3683999/0.0843899/0.9651991/0.2475259/0.9654911/0.1807002/-0.2591173/0.9487916/1.034282/0/0/0/1
146#1.622222#0.9799088/-0.0353424/-0.1962895/0.3684429/0.0843808/0.9652187/0.2474527/0.9654745/0.1807167/-0.2590441/0.9488086/1.034283/0/0/0/1
147#1.633333#0.9799371/-0.03516339/-0.19618/0.3677479/0.0842421/0.9651405/0.247805/0.9660227/0.1806275/-0.25936/0.9487392/1.034479/0/0/0/1
148#1.644444#0.9799919/-0.03525399/-0.1958902/0.3676196/0.08422206/0.9651843/0.2476406/0.9661196/0.1803398/-0.259184/0.948842/1.034529/0/0/0/1
149#1.655556#0.9800003/-0.0350977/-0.1958762/0.3677835/0.08407061/0.9651892/0.2476733/0.9660156/0.1803648/-0.2591874/0.9488364/1.034504/0/0/0/1
150#1.666667#0.9799737/-0.03498216/-0.1960303/0.3680021/0.08401862/0.9651662/0.2477802/0.9657023/0.1805339/-0.2592883/0.9487766/1.034364/0/0/0/1
151#1.677778#0.9799649/-0.03490677/-0.1960876/0.3680148/0.08395746/0.9651747/0.247768/0.9656891/0.18061/-0.259267/0.948768/1.034352/0/0/0/1
152#1.688889#0.9799493/-0.03489091/-0.1961684/0.3680469/0.08394507/0.9652007/0.2476708/0.9655457/0.1807005/-0.2591722/0.9487767/1.034324/0/0/0/1
153#1.7#0.9799491/-0.03481746/-0.1961818/0.3680608/0.0838906/0.9651862/0.2477456/0.9655259/0.1807261/-0.2592359/0.9487543/1.034304/0/0/0/1
154#1.711111#0.9799189/-0.03477788/-0.1963402/0.3680143/0.08388529/0.9651989/0.2476988/0.9657515/0.1808929/-0.2591948/0.9487338/1.034322/0/0/0/1
155#1.722222#0.9799413/-0.03483037/-0.1962191/0.3680444/0.08392329/0.9651699/0.2477979/0.9657507/0.1807539/-0.2592947/0.948733/1.034299/0/0/0/1
156#1.733333#0.9799694/-0.03470338/-0.1961008/0.3678693/0.08375144/0.9652052/0.2477194/0.9659038/0.1806808/-0.2591812/0.9487779/1.034462/0/0/0/1
157#1.744444#0.9799895/-0.03473764/-0.1959943/0.3675985/0.08373234/0.9652395/0.2475923/0.965991/0.1805807/-0.2590489/0.9488331/1.034558/0/0/0/1
158#1.755556#0.9799954/-0.03464885/-0.1959809/0.3676043/0.08364855/0.9652368/0.2476306/0.9659975/0.1805878/-0.2590703/0.9488259/1.034563/0/0/0/1
159#1.766667#0.9800016/-0.03475685/-0.1959308/0.3674814/0.08375431/0.9652103/0.2476981/0.9660681/0.1805052/-0.2591546/0.9488186/1.034489/0/0/0/1
160#1.777778#0.9799969/-0.03476122/-0.1959532/0.3674824/0.08378015/0.9651871/0.2477795/0.9660878/0.1805184/-0.2592402/0.9487926/1.034472/0/0/0/1
161#1.788889#0.9800122/-0.03473236/-0.1958817/0.3678247/0.0837272/0.9651989/0.2477518/0.9658436/0.1804598/-0.2592004/0.9488147/1.034467/0/0/0/1
162#1.8#0.9799969/-0.03480573/-0.1959457/0.3678324/0.08381569/0.9651925/0.2477467/0.9658431/0.1805023/-0.2592143/0.948803/1.034464/0/0/0/1
163#1.811111#0.979977/-0.03485257/-0.196037/0.367834/0.0838865/0.9651864/0.2477472/0.9658188/0.1805776/-0.2592314/0.9487839/1.034447/0/0/0/1
164#1.822222#0.979933/-0.0349985/-0.1962304/0.3677252/0.08408862/0.9651602/0.2477805/0.9658031/0.1807218/-0.2593091/0.9487352/1.034436/0/0/0/1
165#1.833333#0.9799327/-0.03504577/-0.1962237/0.3677294/0.08412941/0.9651619/0.2477597/0.9657886/0.1807047/-0.259296/0.948742/1.034426/0/0/0/1
166#1.844445#0.979932/-0.03522163/-0.1961956/0.3677452/0.08428019/0.9651687/0.2476817/0.9657631/0.1806381/-0.2592466/0.9487682/1.034424/0/0/0/1
167#1.855556#0.9799318/-0.03543892/-0.1961575/0.3675495/0.08452225/0.9650959/0.2478829/0.9659373/0.1805261/-0.259488/0.9487235/1.034457/0/0/0/1
168#1.866667#0.9799314/-0.03534249/-0.1961767/0.3673549/0.08441682/0.9651262/0.2478008/0.9661508/0.1805774/-0.2593884/0.948741/1.034526/0/0/0/1
169#1.877778#0.9799266/-0.03557076/-0.1961594/0.3673665/0.08464664/0.965093/0.2478516/0.9661664/0.1804958/-0.2594806/0.9487313/1.034522/0/0/0/1
170#1.888889#0.979885/-0.03564885/-0.1963528/0.3673919/0.08476131/0.9651024/0.2477763/0.9661564/0.1806676/-0.2594354/0.948711/1.0345/0/0/0/1
171#1.9#0.9798906/-0.03569557/-0.1963175/0.367401/0.08478692/0.9651149/0.247719/0.9661565/0.1806265/-0.2593827/0.9487332/1.034501/0/0/0/1
172#1.911111#0.9798855/-0.03571339/-0.1963387/0.3673933/0.08486157/0.9650388/0.247989/0.9661778/0.1806179/-0.2596624/0.9486582/1.034388/0/0/0/1
173#1.922222#0.9798906/-0.03572788/-0.1963105/0.367399/0.0848617/0.9650477/0.2479547/0.9661661/0.18059/-0.2596277/0.9486731/1.034368/0/0/0/1
174#1.933333#0.9798858/-0.0357272/-0.1963355/0.3674002/0.08486302/0.9650539/0.2479295/0.9661703/0.1806166/-0.2596042/0.9486744/1.034337/0/0/0/1
175#1.944445#0.9798744/-0.03572469/-0.196392/0.3674091/0.08488797/0.9650353/0.2479936/0.9661858/0.1806657/-0.259674/0.9486461/1.034318/0/0/0/1
176#1.955556#0.9799333/-0.03569406/-0.196104/0.3673273/0.08476038/0.9650733/0.2478896/0.9662825/0.1804066/-0.2595371/0.948733/1.034508/0/0/0/1
177#1.966667#0.9799336/-0.03565253/-0.1961092/0.3673396/0.08473852/0.9650514/0.2479824/0.9662979/0.1804143/-0.2596243/0.9487075/1.034504/0/0/0/1
178#1.977778#0.9799159/-0.03570561/-0.1961894/0.3676109/0.08478578/0.9650832/0.2478422/0.9659798/0.1804898/-0.2594985/0.9487275/1.034476/0/0/0/1
179#1.988889#0.9799124/-0.03563004/-0.1962198/0.3676203/0.08470722/0.9651067/0.2477775/0.9659574/0.1805447/-0.2594215/0.9487382/1.034475/0/0/0/1
180#2#0.9798948/-0.03547285/-0.1963359/0.3676453/0.08461594/0.9650712/0.247947/0.9660221/0.1806828/-0.2595751/0.9486699/1.034374/0/0/0/1
181#2.011111#0.9798878/-0.03527224/-0.1964069/0.3676558/0.08442096/0.9651106/0.2478602/0.9660203/0.1808118/-0.2594561/0.9486778/1.034357/0/0/0/1
182#2.022222#0.9799029/-0.0352913/-0.1963287/0.3676774/0.08442353/0.9651038/0.2478858/0.9660286/0.1807293/-0.2594788/0.9486874/1.034342/0/0/0/1
183#2.033333#0.9799232/-0.03522315/-0.1962398/0.3670703/0.08427814/0.9651896/0.2476005/0.9662616/0.1806874/-0.2591681/0.9487802/1.034659/0/0/0/1
184#2.044445#0.9799563/-0.03501972/-0.1961107/0.3670881/0.08404351/0.9652094/0.2476031/0.966246/0.1806168/-0.259122/0.9488064/1.034671/0/0/0/1
185#2.055556#0.9799269/-0.03480801/-0.1962949/0.3671908/0.0838611/0.9652569/0.2474801/0.9661413/0.1808607/-0.2589739/0.9488003/1.034629/0/0/0/1
186#2.066667#0.9798942/-0.0347278/-0.1964725/0.3672131/0.08380627/0.9652933/0.2473565/0.9661105/0.1810635/-0.2588488/0.9487957/1.034628/0/0/0/1
187#2.077778#0.9799121/-0.03456461/-0.1964118/0.3672239/0.08364288/0.9652891/0.2474283/0.9661133/0.1810419/-0.2588864/0.9487896/1.034633/0/0/0/1
188#2.088889#0.9799558/-0.03410559/-0.196274/0.3676603/0.08320764/0.9652544/0.2477111/0.9660039/0.181006/-0.2590774/0.9487443/1.034453/0/0/0/1
189#2.1#0.9799585/-0.0340908/-0.196263/0.3676733/0.08318508/0.9652629/0.2476847/0.9660095/0.1810016/-0.2590469/0.9487535/1.034436/0/0/0/1
190#2.111111#0.9799861/-0.03404694/-0.1961321/0.3675563/0.08312573/0.9652423/0.2477847/0.9660841/0.1808787/-0.2591291/0.9487544/1.034485/0/0/0/1
191#2.122222#0.9799844/-0.03407634/-0.1961363/0.3675678/0.08317654/0.9652101/0.2478934/0.9660854/0.1808654/-0.2592456/0.9487252/1.034477/0/0/0/1
192#2.133333#0.9799677/-0.03405539/-0.196223/0.3675624/0.0831982/0.9651827/0.2479928/0.9661788/0.1809456/-0.2593503/0.9486812/1.034378/0/0/0/1
193#2.144444#0.9799882/-0.03407731/-0.1961173/0.3675641/0.0831746/0.9652073/0.247905/0.9661736/0.1808459/-0.2592559/0.9487261/1.034401/0/0/0/1
194#2.155556#0.9799688/-0.0341444/-0.1962021/0.367543/0.08325344/0.9652141/0.2478522/0.9661251/0.1809142/-0.2592219/0.9487222/1.034361/0/0/0/1
195#2.166667#0.9799628/-0.03431033/-0.196203/0.3670615/0.08337699/0.9652574/0.2476417/0.9664495/0.1808898/-0.2590385/0.948777/1.034505/0/0/0/1
196#2.177778#0.9799496/-0.03447263/-0.1962407/0.3670488/0.08356167/0.9652216/0.2477188/0.9664695/0.1808763/-0.2591501/0.9487492/1.034491/0/0/0/1
197#2.188889#0.9799228/-0.03463294/-0.1963465/0.3670281/0.08370373/0.9652689/0.2474864/0.9663876/0.1809561/-0.2589524/0.9487879/1.034562/0/0/0/1
198#2.2#0.9799024/-0.03469467/-0.1964372/0.3670053/0.0837952/0.9652527/0.2475194/0.966403/0.1810239/-0.2590053/0.9487606/1.034545/0/0/0/1
199#2.211111#0.9799184/-0.03476667/-0.1963444/0.3673723/0.08383588/0.9652561/0.2474915/0.9661885/0.1809182/-0.2589822/0.948787/1.034512/0/0/0/1
200#2.222222#0.9799055/-0.03503806/-0.1963606/0.3673615/0.08411413/0.9652231/0.2475261/0.9661925/0.180859/-0.2590688/0.9487748/1.034504/0/0/0/1
201#2.233333#0.9799019/-0.03510148/-0.1963676/0.3674231/0.08414586/0.9652641/0.2473549/0.9661365/0.1808641/-0.258907/0.9488178/1.03455/0/0/0/1
202#2.244445#0.9798626/-0.03528948/-0.1965297/0.3673862/0.08436508/0.9652579/0.2473048/0.9661335/0.1809746/-0.2589049/0.9487973/1.034544/0/0/0/1
203#2.255556#0.9798404/-0.03541471/-0.196618/0.3673788/0.08451349/0.9652432/0.2473116/0.966139/0.1810257/-0.2589428/0.9487772/1.034538/0/0/0/1
204#2.266667#0.9798296/-0.03560802/-0.1966367/0.3672185/0.08469813/0.9652416/0.247255/0.9661841/0.1809977/-0.2589225/0.9487882/1.034542/0/0/0/1
205#2.277778#0.9798144/-0.03582614/-0.1966724/0.3672003/0.08491886/0.9652271/0.2472354/0.9661767/0.1809761/-0.258946/0.9487858/1.034546/0/0/0/1
206#2.288889#0.9798233/-0.03566866/-0.1966571/0.36709/0.08476827/0.9652288/0.2472807/0.9663928/0.180999/-0.2589617/0.9487772/1.034548/0/0/0/1
207#2.3#0.9798265/-0.03577328/-0.1966225/0.3670908/0.08488283/0.9651908/0.2473897/0.9664222/0.1809283/-0.2590889/0.948756/1.034551/0/0/0/1
208#2.311111#0.9798223/-0.03584739/-0.1966295/0.3670391/0.08496708/0.9651707/0.2474389/0.9664295/0.180911/-0.2591531/0.9487419/1.034528/0/0/0/1
209#2.322222#0.9798431/-0.03589805/-0.1965165/0.3670529/0.08498298/0.9651742/0.2474201/0.9664432/0.1807908/-0.2591334/0.94877/1.034526/0/0/0/1
210#2.333333#0.9798631/-0.03568976/-0.1964549/0.3672558/0.08475197/0.9652071/0.2473715/0.9663821/0.180791/-0.2590401/0.9487955/1.034503/0/0/0/1
211#2.344445#0.9798711/-0.03558796/-0.1964343/0.367358/0.084654/0.965205/0.2474125/0.9662977/0.1807945/-0.2590613/0.9487889/1.034471/0/0/0/1
212#2.355556#0.9798683/-0.03561363/-0.1964429/0.3673766/0.08466899/0.9652206/0.2473466/0.9663078/0.1808018/-0.2589996/0.9488046/1.034459/0/0/0/1
213#2.366667#0.9798581/-0.03565356/-0.196486/0.3667881/0.08471035/0.9652299/0.2472962/0.966581/0.1808372/-0.2589597/0.9488086/1.034582/0/0/0/1
214#2.377778#0.9798581/-0.03556419/-0.1965023/0.3667855/0.08465373/0.9651985/0.2474382/0.9666167/0.1808637/-0.259089/0.9487683/1.034573/0/0/0/1
215#2.388889#0.9798774/-0.03551798/-0.196415/0.3666544/0.08455082/0.9652531/0.2472601/0.966677/0.180808/-0.2588916/0.9488328/1.034575/0/0/0/1
216#2.4#0.9798836/-0.03539325/-0.1964064/0.3666503/0.08444422/0.9652374/0.2473577/0.9667171/0.180824/-0.2589671/0.9488091/1.03456/0/0/0/1
217#2.411111#0.9799073/-0.03521376/-0.1963201/0.3663703/0.0842497/0.9652471/0.2473864/0.966907/0.180786/-0.2589557/0.9488195/1.034625/0/0/0/1
218#2.422222#0.9799148/-0.03518781/-0.1962873/0.3663666/0.08424132/0.9652128/0.2475228/0.9669403/0.1807492/-0.2590868/0.9487906/1.034616/0/0/0/1
219#2.433333#0.9799086/-0.03514483/-0.196326/0.3666173/0.08421466/0.9652081/0.2475506/0.9667882/0.1807953/-0.2591105/0.9487754/1.034578/0/0/0/1
220#2.444444#0.9799263/-0.03477159/-0.1963042/0.367028/0.08382675/0.9652612/0.247475/0.9666059/0.1808797/-0.2589628/0.9487997/1.034556/0/0/0/1
221#2.455556#0.9799374/-0.0346935/-0.1962627/0.3670432/0.0837377/0.9652702/0.2474699/0.9666214/0.1808609/-0.2589396/0.9488095/1.034561/0/0/0/1
222#2.466667#0.9799286/-0.03445753/-0.1963485/0.3669611/0.08351794/0.9653032/0.2474155/0.9665021/0.1810105/-0.2588481/0.9488062/1.034605/0/0/0/1
223#2.477778#0.9799223/-0.03444422/-0.1963816/0.3669473/0.08351385/0.9653034/0.2474161/0.9664959/0.1810457/-0.2588492/0.948799/1.034609/0/0/0/1
224#2.488889#0.9799099/-0.03427633/-0.1964733/0.3670328/0.0833369/0.9653672/0.2472266/0.9663692/0.1811948/-0.2586332/0.9488294/1.034626/0/0/0/1
225#2.5#0.9799288/-0.0342038/-0.1963923/0.3670334/0.08325081/0.9653651/0.2472637/0.9663757/0.181133/-0.2586506/0.9488365/1.034643/0/0/0/1
226#2.511111#0.9799238/-0.03413699/-0.1964279/0.3673682/0.08322295/0.9653294/0.2474124/0.9662076/0.1811717/-0.2587926/0.9487904/1.034467/0/0/0/1
227#2.522222#0.9799401/-0.03396397/-0.1963768/0.3673706/0.08305817/0.9653177/0.2475139/0.9662344/0.1811595/-0.2588595/0.9487744/1.034459/0/0/0/1
228#2.533333#0.9799218/-0.03398727/-0.1964641/0.3673639/0.08308326/0.965344/0.2474024/0.9662293/0.1812469/-0.2587579/0.9487854/1.034439/0/0/0/1
229#2.544445#0.9799379/-0.03400115/-0.1963816/0.3676043/0.08306994/0.9653518/0.247377/0.9661273/0.1811663/-0.2587275/0.9488091/1.034477/0/0/0/1
230#2.555556#0.9799306/-0.03398506/-0.1964203/0.367613/0.08308344/0.9653251/0.2474764/0.9661497/0.1811989/-0.258829/0.9487753/1.034479/0/0/0/1
231#2.566667#0.9799218/-0.03408341/-0.1964483/0.3676196/0.0831899/0.9653133/0.247487/0.9661419/0.181199/-0.2588603/0.9487667/1.034479/0/0/0/1
232#2.577778#0.9799173/-0.03404089/-0.1964773/0.3676353/0.08316505/0.9653029/0.2475354/0.9661447/0.1812338/-0.2589043/0.9487481/1.034471/0/0/0/1
233#2.588889#0.9799288/-0.03410593/-0.1964094/0.3669547/0.08320171/0.9653121/0.2474875/0.9664372/0.1811556/-0.2588617/0.9487746/1.034646/0/0/0/1
234#2.6#0.979921/-0.0343992/-0.1963962/0.3669561/0.08347572/0.9653036/0.2474282/0.9664185/0.1810706/-0.2588544/0.9487928/1.034658/0/0/0/1
235#2.611111#0.9799157/-0.03470716/-0.1963692/0.3661877/0.08378256/0.9652627/0.2474844/0.9669424/0.1809583/-0.2589661/0.9487838/1.034716/0/0/0/1
236#2.622222#0.9799037/-0.0347521/-0.1964213/0.3661469/0.08381185/0.9652991/0.2473324/0.9669327/0.18101/-0.2588243/0.9488126/1.034745/0/0/0/1
237#2.633333#0.9798954/-0.03500063/-0.1964179/0.3656321/0.08408549/0.9652353/0.2474883/0.9672611/0.1809272/-0.2590286/0.9487727/1.034878/0/0/0/1
238#2.644444#0.9799212/-0.03502968/-0.1962841/0.3657292/0.08406678/0.9652522/0.2474288/0.9672495/0.1807963/-0.2589617/0.9488158/1.034892/0/0/0/1
239#2.655556#0.9798979/-0.03525693/-0.1963594/0.3656729/0.08429799/0.9652494/0.2473612/0.9672649/0.1808146/-0.2589414/0.9488179/1.034911/0/0/0/1
240#2.666667#0.9798753/-0.03532453/-0.1964603/0.3656141/0.08439852/0.9652313/0.247397/0.9672922/0.1808904/-0.2589991/0.9487877/1.034935/0/0/0/1
241#2.677778#0.9798732/-0.03543158/-0.1964515/0.3655687/0.08450525/0.9652172/0.247416/0.9673039/0.180852/-0.2590375/0.9487845/1.034955/0/0/0/1
242#2.688889#0.9798759/-0.03544283/-0.1964356/0.3655301/0.08450884/0.9652213/0.2473993/0.9673295/0.1808353/-0.2590212/0.9487922/1.034981/0/0/0/1
243#2.7#0.9798654/-0.03560391/-0.1964586/0.365483/0.08467095/0.9652106/0.2473849/0.9673365/0.180816/-0.2590382/0.9487912/1.035004/0/0/0/1
244#2.711111#0.9798193/-0.03548416/-0.1967104/0.3657573/0.0846341/0.9651959/0.2474549/0.967191/0.1810833/-0.2591095/0.9487208/1.034811/0/0/0/1
245#2.722222#0.9798132/-0.03545887/-0.1967455/0.36571/0.08462897/0.9651824/0.2475093/0.9672154/0.1811188/-0.2591632/0.9486995/1.034818/0/0/0/1
246#2.733333#0.9798112/-0.03533705/-0.1967774/0.3663402/0.08453443/0.9651681/0.2475975/0.9669347/0.1811739/-0.2592333/0.9486697/1.034672/0/0/0/1
247#2.744445#0.9798453/-0.03528644/-0.1966167/0.3663447/0.08443412/0.9651865/0.2475596/0.9669461/0.1810363/-0.2591713/0.9487128/1.034679/0/0/0/1
248#2.755556#0.9798197/-0.03528601/-0.1967451/0.3664395/0.08450403/0.9651324/0.2477471/0.9668273/0.181143/-0.2593732/0.9486372/1.034581/0/0/0/1
249#2.766667#0.9798166/-0.03522237/-0.1967709/0.3665659/0.08442883/0.9651652/0.2476453/0.9667411/0.1811937/-0.2592601/0.9486585/1.03458/0/0/0/1
250#2.777778#0.9798293/-0.0351964/-0.1967119/0.3665723/0.08439729/0.9651544/0.2476972/0.9667401/0.1811393/-0.2593029/0.9486572/1.034573/0/0/0/1
251#2.788889#0.9798403/-0.03505742/-0.1966832/0.3667229/0.0842298/0.9651999/0.2475774/0.9666743/0.1811592/-0.2591529/0.9486945/1.034617/0/0/0/1
252#2.8#0.9798592/-0.03501533/-0.1965956/0.3667461/0.08416464/0.9652057/0.2475767/0.9666717/0.1810862/-0.2591368/0.9487128/1.034636/0/0/0/1
253#2.811111#0.9798252/-0.03499167/-0.1967693/0.3669752/0.084155/0.9652508/0.2474037/0.9663452/0.1812747/-0.2589715/0.9487219/1.034696/0/0/0/1
254#2.822222#0.9798175/-0.03486355/-0.1968299/0.3669886/0.08404849/0.9652556/0.2474216/0.9663227/0.1813652/-0.2589713/0.9487046/1.034706/0/0/0/1
255#2.833333#0.9798076/-0.03483199/-0.1968856/0.3671827/0.08400932/0.9652901/0.247301/0.9661379/0.1814377/-0.2588477/0.9487246/1.034643/0/0/0/1
256#2.844445#0.9798344/-0.03476412/-0.1967636/0.3671997/0.08391162/0.965296/0.2473112/0.9661031/0.1813376/-0.2588348/0.9487472/1.034655/0/0/0/1
257#2.855556#0.9797849/-0.03466913/-0.1970264/0.3675356/0.08389997/0.9652817/0.2473701/0.9659059/0.1816099/-0.2589/0.9486773/1.034537/0/0/0/1
258#2.866667#0.9798075/-0.03447117/-0.1969494/0.3672732/0.08365425/0.9653432/0.2472136/0.966066/0.181602/-0.2586974/0.9487341/1.034641/0/0/0/1
259#2.877778#0.9798128/-0.03436625/-0.1969408/0.3672849/0.0835664/0.9653269/0.2473068/0.9660352/0.1816132/-0.258772/0.9487116/1.034638/0/0/0/1
260#2.888889#0.9798337/-0.03423072/-0.1968607/0.3678443/0.08341078/0.965341/0.2473038/0.9658329/0.1815723/-0.2587369/0.9487292/1.034496/0/0/0/1
261#2.9#0.9798273/-0.03432129/-0.1968762/0.3678779/0.08351569/0.9653167/0.2473638/0.9658359/0.1815581/-0.2588162/0.94871/1.03449/0/0/0/1
262#2.911111#0.9798536/-0.03418857/-0.1967693/0.3681728/0.08336025/0.9653248/0.247385/0.965729/0.1814885/-0.2588039/0.9487268/1.034459/0/0/0/1
263#2.922222#0.9798435/-0.0341603/-0.1968239/0.3682097/0.08334502/0.9653286/0.2473743/0.9657136/0.1815493/-0.2587924/0.9487182/1.034461/0/0/0/1
264#2.933333#0.9799072/-0.0341906/-0.1965016/0.3680643/0.08329621/0.9653223/0.2474159/0.9657923/0.181228/-0.2588125/0.9487742/1.034521/0/0/0/1
265#2.944444#0.9798982/-0.03419112/-0.1965463/0.3680975/0.08330628/0.9653247/0.2474031/0.9657749/0.181272/-0.2588034/0.9487684/1.034522/0/0/0/1
266#2.955556#0.9798726/-0.03438587/-0.1966394/0.3683107/0.0835188/0.9653122/0.2473803/0.9654555/0.181312/-0.2588243/0.9487551/1.034497/0/0/0/1
267#2.966667#0.9798734/-0.0342452/-0.1966601/0.3680435/0.0833933/0.9653129/0.2474196/0.9657189/0.1813656/-0.25884/0.9487404/1.034508/0/0/0/1
268#2.977778#0.9798566/-0.03430438/-0.1967343/0.3680747/0.08348434/0.9652879/0.2474865/0.9657006/0.1814154/-0.2589254/0.9487076/1.0345/0/0/0/1
269#2.988889#0.9798805/-0.03448887/-0.1965825/0.3681849/0.08366577/0.9652178/0.2476986/0.9655312/0.1812021/-0.2591622/0.9486837/1.034389/0/0/0/1
270#3#0.9798866/-0.03448135/-0.1965535/0.3682206/0.08365247/0.9652166/0.2477085/0.9654963/0.1811754/-0.2591685/0.9486871/1.034374/0/0/0/1
271#3.011111#0.9797602/-0.03479777/-0.1971269/0.3689002/0.08407008/0.9652451/0.2474555/0.9650079/0.1816649/-0.2590195/0.9486341/1.034249/0/0/0/1
272#3.022222#0.9797602/-0.03479777/-0.1971269/0.3689002/0.08407008/0.9652451/0.2474555/0.9650079/0.1816649/-0.2590195/0.9486341/1.034249/0/0/0/1
273#3.033333#0.9797602/-0.03479777/-0.1971269/0.3689002/0.08407008/0.9652451/0.2474555/0.9650079/0.1816649/-0.2590195/0.9486341/1.034249/0/0/0/1
274#3.044445#0.9797602/-0.03479777/-0.1971269/0.3689002/0.08407008/0.9652451/0.2474555/0.9650079/0.1816649/-0.2590195/0.9486341/1.034249/0/0/0/1
275#3.055556#0.9797602/-0.03479777/-0.1971269/0.3689002/0.08407008/0.9652451/0.2474555/0.9650079/0.1816649/-0.2590195/0.9486341/1.034249/0/0/0/1
276#3.066667#0.9797602/-0.03479777/-0.1971269/0.3689002/0.08407008/0.9652451/0.2474555/0.9650079/0.1816649/-0.2590195/0.9486341/1.034249/0/0/0/1
277#3.077778#0.9797602/-0.03479777/-0.1971269/0.3689002/0.08407008/0.9652451/0.2474555/0.9650079/0.1816649/-0.2590195/0.9486341/1.034249/0/0/0/1
278#3.088889#0.9797602/-0.03479777/-0.1971269/0.3689002/0.08407008/0.9652451/0.2474555/0.9650079/0.1816649/-0.2590195/0.9486341/1.034249/0/0/0/1
279#3.1#0.9797621/-0.03488769/-0.1971016/0.3689376/0.08413276/0.9652653/0.2473558/0.9649568/0.1816256/-0.2589326/0.9486653/1.034243/0/0/0/1
280#3.111111#0.9797276/-0.03482047/-0.1972851/0.3692836/0.08416981/0.9651898/0.2476371/0.9647557/0.1817948/-0.2592223/0.9485538/1.034095/0/0/0/1
281#3.122222#0.9797787/-0.03500769/-0.1969978/0.3679771/0.08427137/0.9651884/0.2476083/0.9656585/0.1814718/-0.2592027/0.9486211/1.034353/0/0/0/1
282#3.133333#0.9797925/-0.0349881/-0.1969321/0.3679962/0.08423767/0.9651868/0.2476255/0.9656279/0.1814123/-0.2592107/0.9486304/1.034345/0/0/0/1
283#3.144444#0.9797772/-0.0350099/-0.1970049/0.368004/0.08428426/0.9651754/0.2476542/0.9656473/0.181474/-0.2592504/0.9486076/1.034351/0/0/0/1
284#3.155556#0.9797421/-0.03526384/-0.197134/0.3680018/0.08456986/0.9651494/0.2476578/0.9656436/0.1815304/-0.2593124/0.9485798/1.034344/0/0/0/1
285#3.166667#0.9797817/-0.03537507/-0.1969171/0.3675067/0.08456238/0.9652287/0.247351/0.9658819/0.18132/-0.2590018/0.948705/1.034634/0/0/0/1
286#3.177778#0.9798322/-0.03496677/-0.1967383/0.367509/0.0841272/0.9652467/0.2474303/0.9658774/0.1812491/-0.2589912/0.9487214/1.034637/0/0/0/1
287#3.188889#0.9798262/-0.03485508/-0.1967886/0.3675234/0.08402345/0.9652653/0.2473922/0.9658592/0.1813304/-0.2589362/0.9487209/1.034656/0/0/0/1
288#3.2#0.9798325/-0.0349305/-0.1967437/0.3677467/0.08410216/0.9652364/0.2474785/0.9657421/0.1812597/-0.2590341/0.9487077/1.034486/0/0/0/1
289#3.211111#0.9797996/-0.03498922/-0.196897/0.3677299/0.08418103/0.9652566/0.2473729/0.9657241/0.1814007/-0.2589509/0.9487035/1.034491/0/0/0/1
290#3.222222#0.9797872/-0.03501312/-0.1969544/0.3677421/0.08422109/0.9652516/0.2473785/0.9657218/0.1814491/-0.258966/0.9486901/1.034482/0/0/0/1
291#3.233333#0.979829/-0.03464543/-0.1968116/0.3677652/0.08385445/0.965238/0.2475562/0.965726/0.1813934/-0.2590663/0.9486734/1.034455/0/0/0/1
292#3.244445#0.9798625/-0.03455896/-0.1966601/0.3673007/0.08364848/0.9653631/0.2471374/0.9659653/0.1813076/-0.2586109/0.948814/1.034773/0/0/0/1
293#3.255556#0.979849/-0.0347509/-0.1966931/0.3672972/0.08386032/0.9653262/0.24721/0.9660013/0.1812823/-0.2587232/0.9487881/1.034817/0/0/0/1
294#3.266667#0.9798605/-0.03475598/-0.1966349/0.3674743/0.08384351/0.9653359/0.2471777/0.9658935/0.1812278/-0.2586863/0.9488087/1.034809/0/0/0/1
295#3.277778#0.9798754/-0.03434357/-0.1966331/0.3674465/0.08341448/0.9654029/0.2470612/0.9659755/0.1813452/-0.2584913/0.9488394/1.034662/0/0/0/1
296#3.288889#0.9798835/-0.03427212/-0.1966057/0.3674432/0.08333614/0.9654105/0.2470582/0.9659817/0.181338/-0.2584726/0.9488459/1.034679/0/0/0/1
