0#0#1/0/0/0/0/1/0/0/0/0/1/0/0/0/0/1
1#0.01111111#1/0/0/0/0/1/0/0/0/0/1/0/0/0/0/1
2#0.02222222#1/0/0/0/0/1/0/0/0/0/1/0/0/0/0/1
3#0.03333334#1/0/0/0/0/1/0/0/0/0/1/0/0/0/0/1
4#0.04444445#1/0/0/0/0/1/0/0/0/0/1/0/0/0/0/1
5#0.05555556#1/0/0/0/0/1/0/0/0/0/1/0/0/0/0/1
6#0.06666667#1/0/0/0/0/1/0/0/0/0/1/0/0/0/0/1
7#0.07777778#1/0/0/0/0/1/0/0/0/0/1/0/0/0/0/1
8#0.08888889#1/0/0/0/0/1/0/0/0/0/1/0/0/0/0/1
9#0.1#1/0/0/0/0/1/0/0/0/0/1/0/0/0/0/1
10#0.1111111#1/0/0/0/0/1/0/0/0/0/1/0/0/0/0/1
11#0.1222222#1/0/0/0/0/1/0/0/0/0/1/0/0/0/0/1
12#0.1333333#1/0/0/0/0/1/0/0/0/0/1/0/0/0/0/1
13#0.1444445#1/0/0/0/0/1/0/0/0/0/1/0/0/0/0/1
14#0.1555556#1/0/0/0/0/1/0/0/0/0/1/0/0/0/0/1
15#0.1666667#1/0/0/0/0/1/0/0/0/0/1/0/0/0/0/1
16#0.1777778#1/0/0/0/0/1/0/0/0/0/1/0/0/0/0/1
17#0.1888889#1/0/0/0/0/1/0/0/0/0/1/0/0/0/0/1
18#0.2#1/0/0/0/0/1/0/0/0/0/1/0/0/0/0/1
19#0.2111111#1/0/0/0/0/1/0/0/0/0/1/0/0/0/0/1
20#0.2222222#1/0/0/0/0/1/0/0/0/0/1/0/0/0/0/1
21#0.2333333#1/0/0/0/0/1/0/0/0/0/1/0/0/0/0/1
22#0.2444444#1/0/0/0/0/1/0/0/0/0/1/0/0/0/0/1
23#0.2555556#1/0/0/0/0/1/0/0/0/0/1/0/0/0/0/1
24#0.2666667#1/0/0/0/0/1/0/0/0/0/1/0/0/0/0/1
25#0.2777778#0.9900646/0.08818745/-0.1095211/0.4874442/-0.06121411/0.9715218/0.2289066/0.8846637/0.1265888/-0.2199281/0.9672678/0.8779497/0/0/0/1
26#0.2888889#0.9900646/0.08818745/-0.1095211/0.4874442/-0.06121411/0.9715218/0.2289066/0.8846637/0.1265888/-0.2199281/0.9672678/0.8779497/0/0/0/1
27#0.3#0.9900662/0.08807657/-0.1095965/0.4872835/-0.06109905/0.9715481/0.2288259/0.8848114/0.1266325/-0.2198565/0.9672783/0.8778989/0/0/0/1
28#0.3111111#0.99009/0.08784927/-0.1095646/0.4875581/-0.06088851/0.971571/0.2287847/0.8845338/0.1265483/-0.2198462/0.9672916/0.8779051/0/0/0/1
29#0.3222222#0.9900965/0.08778749/-0.1095542/0.4875098/-0.06083024/0.9715747/0.2287843/0.8845638/0.1265245/-0.2198544/0.9672928/0.8779407/0/0/0/1
30#0.3333333#0.9901136/0.08748935/-0.1096393/0.4874817/-0.06052977/0.9716134/0.2286997/0.8845663/0.1265358/-0.2198022/0.9673032/0.8779502/0/0/0/1
31#0.3444445#0.9901118/0.08753403/-0.1096197/0.4876643/-0.06056966/0.9715959/0.2287633/0.8845235/0.1265307/-0.2198616/0.9672904/0.8779252/0/0/0/1
32#0.3555556#0.9901299/0.08730486/-0.1096389/0.4876521/-0.06033086/0.9715934/0.228837/0.8845429/0.126503/-0.2199638/0.9672709/0.8779197/0/0/0/1
33#0.3666667#0.9901242/0.08734082/-0.109661/0.487893/-0.06034239/0.9715588/0.2289809/0.8843902/0.1265415/-0.2201024/0.9672343/0.8777604/0/0/0/1
34#0.3777778#0.99014/0.08720545/-0.1096256/0.4878974/-0.06021326/0.9715594/0.229013/0.8844014/0.126479/-0.2201541/0.9672307/0.877748/0/0/0/1
35#0.3888889#0.9901268/0.08730507/-0.1096659/0.487907/-0.06031423/0.971575/0.2289197/0.8843664/0.1265344/-0.2200451/0.9672483/0.8777173/0/0/0/1
36#0.4#0.9901369/0.08723365/-0.1096324/0.4878024/-0.06025345/0.9715821/0.2289058/0.8844228/0.1264852/-0.2200423/0.9672554/0.8778033/0/0/0/1
37#0.4111111#0.990123/0.08734388/-0.1096698/0.4877294/-0.06035436/0.9715778/0.2288975/0.8844477/0.1265455/-0.2200176/0.9672531/0.8778057/0/0/0/1
38#0.4222222#0.9901371/0.08746204/-0.1094485/0.4879318/-0.06051851/0.9715655/0.2289065/0.884311/0.126357/-0.2200252/0.967276/0.8777862/0/0/0/1
39#0.4333333#0.9901304/0.08751341/-0.1094677/0.4879367/-0.0605531/0.9715424/0.2289948/0.8843279/0.1263926/-0.2201061/0.9672529/0.8777626/0/0/0/1
40#0.4444444#0.9901159/0.08763587/-0.1095004/0.4880788/-0.06065045/0.9715083/0.2291134/0.8842509/0.1264591/-0.2202076/0.9672211/0.8776932/0/0/0/1
41#0.4555556#0.9901072/0.0878364/-0.1094186/0.488111/-0.0608716/0.9715056/0.2290667/0.8842279/0.1264212/-0.2201401/0.9672415/0.8776758/0/0/0/1
42#0.4666667#0.9900914/0.08791106/-0.1095013/0.4880463/-0.06092185/0.9714943/0.2291014/0.8843528/0.1265204/-0.2201603/0.9672239/0.8776116/0/0/0/1
43#0.4777778#0.9900787/0.08818272/-0.1093985/0.4880793/-0.06121197/0.9714772/0.2290966/0.8843582/0.1264805/-0.2201272/0.9672366/0.8775876/0/0/0/1
44#0.4888889#0.9900682/0.08822321/-0.1094599/0.4882844/-0.0612531/0.9715018/0.2289811/0.8842102/0.1265419/-0.2200022/0.967257/0.877588/0/0/0/1
45#0.5#0.990056/0.08822456/-0.1095702/0.488028/-0.06125358/0.9715446/0.2287995/0.8843379/0.1266381/-0.2198127/0.9672875/0.8776984/0/0/0/1
46#0.5111111#0.9901589/0.08710021/-0.1095399/0.4886065/-0.06012015/0.9715488/0.2290819/0.8837545/0.1263764/-0.2202419/0.9672241/0.8776274/0/0/0/1
47#0.5222222#0.9901589/0.08710021/-0.1095399/0.4886065/-0.06012015/0.9715488/0.2290819/0.8837545/0.1263764/-0.2202419/0.9672241/0.8776274/0/0/0/1
48#0.5333334#0.9901589/0.08710021/-0.1095399/0.4886065/-0.06012015/0.9715488/0.2290819/0.8837545/0.1263764/-0.2202419/0.9672241/0.8776274/0/0/0/1
49#0.5444444#0.9901589/0.08710021/-0.1095399/0.4886065/-0.06012015/0.9715488/0.2290819/0.8837545/0.1263764/-0.2202419/0.9672241/0.8776274/0/0/0/1
50#0.5555556#0.9901589/0.08710021/-0.1095399/0.4886065/-0.06012015/0.9715488/0.2290819/0.8837545/0.1263764/-0.2202419/0.9672241/0.8776274/0/0/0/1
51#0.5666667#0.9901589/0.08710021/-0.1095399/0.4886065/-0.06012015/0.9715488/0.2290819/0.8837545/0.1263764/-0.2202419/0.9672241/0.8776274/0/0/0/1
52#0.5777778#0.9901589/0.08710021/-0.1095399/0.4886065/-0.06012015/0.9715488/0.2290819/0.8837545/0.1263764/-0.2202419/0.9672241/0.8776274/0/0/0/1
53#0.5888889#0.9901589/0.08710021/-0.1095399/0.4886065/-0.06012015/0.9715488/0.2290819/0.8837545/0.1263764/-0.2202419/0.9672241/0.8776274/0/0/0/1
54#0.6#0.9901589/0.08710021/-0.1095399/0.4886065/-0.06012015/0.9715488/0.2290819/0.8837545/0.1263764/-0.2202419/0.9672241/0.8776274/0/0/0/1
55#0.6111111#0.9901589/0.08710021/-0.1095399/0.4886065/-0.06012015/0.9715488/0.2290819/0.8837545/0.1263764/-0.2202419/0.9672241/0.8776274/0/0/0/1
56#0.6222222#0.9901589/0.08710021/-0.1095399/0.4886065/-0.06012015/0.9715488/0.2290819/0.8837545/0.1263764/-0.2202419/0.9672241/0.8776274/0/0/0/1
57#0.6333333#0.9901589/0.08710021/-0.1095399/0.4886065/-0.06012015/0.9715488/0.2290819/0.8837545/0.1263764/-0.2202419/0.9672241/0.8776274/0/0/0/1
58#0.6444445#0.9901589/0.08710021/-0.1095399/0.4886065/-0.06012015/0.9715488/0.2290819/0.8837545/0.1263764/-0.2202419/0.9672241/0.8776274/0/0/0/1
59#0.6555555#0.9901589/0.08710021/-0.1095399/0.4886065/-0.06012015/0.9715488/0.2290819/0.8837545/0.1263764/-0.2202419/0.9672241/0.8776274/0/0/0/1
60#0.6666667#0.9901589/0.08710021/-0.1095399/0.4886065/-0.06012015/0.9715488/0.2290819/0.8837545/0.1263764/-0.2202419/0.9672241/0.8776274/0/0/0/1
61#0.6777778#0.9901589/0.08710021/-0.1095399/0.4886065/-0.06012015/0.9715488/0.2290819/0.8837545/0.1263764/-0.2202419/0.9672241/0.8776274/0/0/0/1
62#0.6888889#0.9901589/0.08710021/-0.1095399/0.4886065/-0.06012015/0.9715488/0.2290819/0.8837545/0.1263764/-0.2202419/0.9672241/0.8776274/0/0/0/1
63#0.7#0.9901595/0.08721618/-0.1094415/0.4886441/-0.06024345/0.9715186/0.2291774/0.8837575/0.1263124/-0.2203291/0.9672126/0.877624/0/0/0/1
64#0.7111111#0.9901137/0.08747558/-0.1096489/0.4887791/-0.06045204/0.9715064/0.2291742/0.88362/0.1265718/-0.22028/0.9671899/0.8775611/0/0/0/1
65#0.7222223#0.9901193/0.08751691/-0.1095649/0.488311/-0.0605179/0.9715141/0.2291243/0.8840432/0.1264961/-0.2202298/0.9672112/0.8776295/0/0/0/1
66#0.7333333#0.990112/0.08764697/-0.1095273/0.4883304/-0.06065294/0.9715039/0.2291316/0.8840547/0.1264889/-0.2202228/0.9672137/0.8776176/0/0/0/1
67#0.7444445#0.9901295/0.08739305/-0.1095731/0.4882121/-0.06041323/0.9715543/0.2289813/0.8841408/0.1264676/-0.2201015/0.9672442/0.8776608/0/0/0/1
68#0.7555556#0.990131/0.08739904/-0.1095527/0.4877795/-0.06042724/0.9715599/0.2289538/0.8843291/0.1264474/-0.2200743/0.9672529/0.8778548/0/0/0/1
69#0.7666667#0.9901335/0.08741769/-0.109516/0.4877797/-0.06045258/0.9715562/0.2289627/0.8843478/0.1264163/-0.2200832/0.9672551/0.8778691/0/0/0/1
70#0.7777778#0.9901336/0.08740662/-0.1095231/0.487641/-0.06043448/0.9715471/0.2290061/0.8843608/0.1264234/-0.2201277/0.967244/0.8778481/0/0/0/1
71#0.7888889#0.9901359/0.08742277/-0.1094896/0.4876266/-0.06047281/0.9715719/0.2288911/0.8843567/0.1263873/-0.2200122/0.9672749/0.8778565/0/0/0/1
72#0.8#0.9901246/0.08743865/-0.1095794/0.4876587/-0.06044614/0.9715335/0.229061/0.8844743/0.1264888/-0.2201753/0.9672246/0.8777866/0/0/0/1
73#0.8111112#0.9901181/0.08750965/-0.1095822/0.4876411/-0.06050611/0.9715134/0.2291304/0.8844779/0.1265117/-0.2202358/0.9672078/0.8777726/0/0/0/1
74#0.8222222#0.9901233/0.08745898/-0.109577/0.4877156/-0.06049097/0.9715745/0.2288749/0.884541/0.1264794/-0.2199859/0.9672689/0.8777187/0/0/0/1
75#0.8333334#0.9901133/0.08748493/-0.1096454/0.4876946/-0.06049976/0.9715715/0.2288856/0.8845524/0.1265524/-0.2199892/0.9672586/0.8777065/0/0/0/1
76#0.8444445#0.9900884/0.08763423/-0.1097507/0.4877756/-0.06060527/0.9715335/0.2290191/0.8845104/0.1266964/-0.2200977/0.967215/0.8777838/0/0/0/1
77#0.8555556#0.990104/0.0875053/-0.1097128/0.4877792/-0.06050455/0.9715709/0.2288867/0.8845065/0.1266226/-0.2199835/0.9672507/0.8777835/0/0/0/1
78#0.8666667#0.9900885/0.08755558/-0.1098122/0.4877619/-0.06053912/0.9715821/0.2288302/0.8843545/0.1267269/-0.2199142/0.9672529/0.8777974/0/0/0/1
79#0.8777778#0.9901033/0.08745486/-0.1097593/0.4879035/-0.06045704/0.9715961/0.2287923/0.8843851/0.1266507/-0.2198923/0.9672678/0.8777966/0/0/0/1
80#0.8888889#0.9901137/0.08737971/-0.1097248/0.4879001/-0.0604027/0.9716204/0.2287031/0.8843876/0.1265948/-0.2198143/0.967293/0.8778048/0/0/0/1
81#0.9#0.9901137/0.08737491/-0.1097288/0.4879769/-0.06036688/0.9715684/0.2289338/0.8842593/0.1266121/-0.2200465/0.9672377/0.8777587/0/0/0/1
82#0.9111111#0.9901016/0.08740115/-0.1098171/0.4879565/-0.06036777/0.9715591/0.2289731/0.884258/0.1267063/-0.2200772/0.9672185/0.8777559/0/0/0/1
83#0.9222223#0.9901187/0.08743501/-0.109635/0.4873998/-0.06045433/0.9715765/0.2288762/0.8846439/0.1265306/-0.2199867/0.967262/0.8778861/0/0/0/1
84#0.9333333#0.9901143/0.08739096/-0.1097113/0.4873778/-0.0603891/0.9715716/0.2289142/0.8846618/0.1265974/-0.2200258/0.9672444/0.8778853/0/0/0/1
85#0.9444445#0.9901119/0.08749317/-0.1096508/0.487773/-0.06048154/0.9715274/0.2290775/0.8843417/0.1265714/-0.2201805/0.9672127/0.8776991/0/0/0/1
86#0.9555556#0.9901088/0.08748423/-0.1096852/0.4877524/-0.06047131/0.9715393/0.2290299/0.884325/0.1266/-0.2201317/0.9672201/0.8776841/0/0/0/1
87#0.9666667#0.9900935/0.08777654/-0.1095903/0.4874139/-0.06078432/0.9715287/0.2289917/0.8845617/0.1265702/-0.2200618/0.9672398/0.8778341/0/0/0/1
88#0.9777778#0.9901128/0.0876594/-0.1095097/0.4867525/-0.06069619/0.9715502/0.2289242/0.8850513/0.1264615/-0.220014/0.9672649/0.8780875/0/0/0/1
89#0.9888889#0.9901099/0.08757239/-0.1096064/0.4867047/-0.06060615/0.9715861/0.2287951/0.8850676/0.1265281/-0.2198894/0.9672845/0.8781021/0/0/0/1
90#1#0.9901269/0.08761009/-0.1094213/0.4862883/-0.06067966/0.9715731/0.2288314/0.8854096/0.1263587/-0.2199325/0.9672968/0.8782258/0/0/0/1
91#1.011111#0.9901397/0.08759679/-0.1093167/0.4862567/-0.06070454/0.9715979/0.2287195/0.8854182/0.126247/-0.2198283/0.967335/0.8782518/0/0/0/1
92#1.022222#0.9901324/0.08767111/-0.1093233/0.4860246/-0.06077993/0.9716004/0.2286894/0.8855885/0.126268/-0.2197881/0.9673414/0.8782783/0/0/0/1
93#1.033333#0.9901312/0.08770917/-0.1093036/0.4859836/-0.06083261/0.9716166/0.2286056/0.8856326/0.126252/-0.2197003/0.9673635/0.8782914/0/0/0/1
94#1.044444#0.9901385/0.08768994/-0.1092525/0.4862692/-0.06081539/0.9716002/0.2286802/0.8854705/0.1262027/-0.2197809/0.9673517/0.87819/0/0/0/1
95#1.055556#0.9901296/0.08774997/-0.1092851/0.4865965/-0.06083081/0.9715338/0.2289578/0.8852198/0.1262652/-0.22005/0.9672825/0.8780434/0/0/0/1
96#1.066667#0.9901388/0.08780022/-0.1091615/0.4865807/-0.06091034/0.9715336/0.2289376/0.8852068/0.1261548/-0.2200309/0.9673012/0.8780351/0/0/0/1
97#1.077778#0.9900961/0.08811813/-0.1092928/0.486704/-0.06119856/0.9715255/0.2288948/0.8851801/0.1263505/-0.2199393/0.9672964/0.8779161/0/0/0/1
98#1.088889#0.9900756/0.08828996/-0.1093399/0.486682/-0.06136752/0.9715344/0.2288119/0.8852025/0.1264293/-0.2198311/0.9673107/0.8779106/0/0/0/1
99#1.1#0.9900665/0.08842673/-0.1093121/0.4867868/-0.06152099/0.9715483/0.228712/0.8850008/0.1264262/-0.2197151/0.9673374/0.8778458/0/0/0/1
100#1.111111#0.990067/0.08849587/-0.1092504/0.4867651/-0.06158798/0.9715176/0.2288237/0.8850261/0.1263886/-0.2198223/0.967318/0.8778238/0/0/0/1
101#1.122222#0.9900948/0.08833683/-0.1091278/0.486795/-0.06145672/0.9715214/0.2288432/0.8849519/0.1262352/-0.2198698/0.9673272/0.8778956/0/0/0/1
102#1.133333#0.990099/0.08831015/-0.1091113/0.4867635/-0.06143945/0.9715319/0.2288031/0.8849511/0.1262107/-0.219834/0.9673386/0.8778818/0/0/0/1
103#1.144444#0.990094/0.08838866/-0.1090931/0.4868833/-0.06152008/0.971526/0.2288066/0.8847835/0.1262107/-0.2198286/0.9673397/0.877898/0/0/0/1
104#1.155556#0.9901051/0.08832411/-0.1090447/0.4871288/-0.06146662/0.9715279/0.2288135/0.8846414/0.1261497/-0.2198468/0.9673436/0.8777964/0/0/0/1
105#1.166667#0.990108/0.08831962/-0.1090225/0.4871178/-0.06147224/0.9715366/0.2287747/0.8846298/0.1261247/-0.2198098/0.9673552/0.8777866/0/0/0/1
106#1.177778#0.9901321/0.08822721/-0.1088779/0.4871476/-0.06139662/0.9715102/0.2289068/0.8846983/0.1259718/-0.2199632/0.9673404/0.8778377/0/0/0/1
107#1.188889#0.9901465/0.08817545/-0.1087891/0.4871433/-0.0613659/0.9715126/0.2289048/0.8846973/0.1258738/-0.2199734/0.9673508/0.8778267/0/0/0/1
108#1.2#0.9901555/0.08800264/-0.1088467/0.4873433/-0.06120997/0.9715703/0.2287013/0.8844814/0.1258786/-0.2197873/0.9673924/0.8778508/0/0/0/1
109#1.211111#0.990158/0.08786811/-0.1089326/0.4873368/-0.06104812/0.9715613/0.2287833/0.884482/0.1259375/-0.2198815/0.9673634/0.8778381/0/0/0/1
110#1.222222#0.9901847/0.08777127/-0.1087684/0.4876857/-0.06096727/0.9715255/0.2289562/0.8843769/0.1257671/-0.2200776/0.9673409/0.877799/0/0/0/1
111#1.233333#0.9901635/0.08773543/-0.1089898/0.487672/-0.06085674/0.9714856/0.2291553/0.8844839/0.125987/-0.2202684/0.9672689/0.8777452/0/0/0/1
112#1.244444#0.9901712/0.08765963/-0.1089807/0.4876962/-0.06079769/0.9715134/0.2290532/0.8844789/0.125955/-0.2201761/0.9672941/0.8777385/0/0/0/1
113#1.255556#0.9901689/0.0875622/-0.1090796/0.4878286/-0.06067043/0.9715039/0.2291269/0.8843216/0.1260341/-0.2202564/0.9672655/0.8777184/0/0/0/1
114#1.266667#0.9901645/0.08751775/-0.1091555/0.4878401/-0.06060153/0.9714932/0.2291907/0.8843042/0.1261021/-0.2203215/0.9672419/0.8777182/0/0/0/1
115#1.277778#0.990159/0.08770781/-0.1090537/0.4880545/-0.06079961/0.9714606/0.2292763/0.884084/0.1260507/-0.2203895/0.967233/0.8776977/0/0/0/1
116#1.288889#0.9901571/0.0877205/-0.1090598/0.4880889/-0.06081666/0.9714704/0.2292305/0.8840601/0.1260565/-0.2203415/0.9672432/0.8776965/0/0/0/1
117#1.3#0.9901385/0.0879588/-0.109037/0.4881405/-0.06103247/0.971415/0.2294075/0.8840348/0.1260986/-0.2204904/0.9672036/0.8776104/0/0/0/1
118#1.311111#0.990144/0.08804162/-0.1089195/0.4881948/-0.06115/0.9714258/0.2293307/0.8840144/0.1259979/-0.22041/0.9672352/0.8775949/0/0/0/1
119#1.322222#0.9901339/0.08819925/-0.1088831/0.4885134/-0.06126434/0.9713307/0.2297027/0.883752/0.1260211/-0.2207658/0.967151/0.8773642/0/0/0/1
120#1.333333#0.9900977/0.08844686/-0.1090125/0.4884691/-0.06149536/0.9713471/0.2295717/0.883876/0.1261939/-0.2205947/0.9671676/0.8774002/0/0/0/1
121#1.344445#0.9901024/0.0885655/-0.1088735/0.4885331/-0.06164651/0.9713441/0.2295437/0.8838685/0.1260833/-0.2205601/0.96719/0.8773751/0/0/0/1
122#1.355556#0.9901008/0.0884913/-0.1089482/0.4885055/-0.06154501/0.9713289/0.2296355/0.8837293/0.1261453/-0.2206571/0.9671596/0.8774066/0/0/0/1
123#1.366667#0.9901052/0.08850731/-0.1088969/0.4885545/-0.06158262/0.9713455/0.2295557/0.8836962/0.1260939/-0.220578/0.9671845/0.8774173/0/0/0/1
124#1.377778#0.990114/0.08825995/-0.1090162/0.4888899/-0.06126666/0.9712808/0.2299129/0.8834181/0.1261774/-0.2209609/0.967086/0.8773003/0/0/0/1
125#1.388889#0.9900879/0.08855108/-0.1090164/0.4889339/-0.06156674/0.9712884/0.2298014/0.8833152/0.1262355/-0.2208119/0.9671125/0.8772349/0/0/0/1
126#1.4#0.9900943/0.08874732/-0.1087988/0.4892069/-0.06176928/0.9712051/0.2300984/0.8832674/0.1260866/-0.2210987/0.9670665/0.8770397/0/0/0/1
127#1.411111#0.990088/0.08882833/-0.1087896/0.4892541/-0.06185738/0.9712114/0.2300481/0.883212/0.1260925/-0.2210384/0.9670795/0.8770151/0/0/0/1
128#1.422222#0.9900859/0.08886666/-0.1087771/0.4892656/-0.06190204/0.9712162/0.2300153/0.8831306/0.1260868/-0.2210014/0.9670886/0.8768771/0/0/0/1
129#1.433333#0.9900859/0.08886666/-0.1087771/0.4892656/-0.06190204/0.9712162/0.2300153/0.8831306/0.1260868/-0.2210014/0.9670886/0.8768771/0/0/0/1
130#1.444445#0.9900925/0.08874495/-0.1088176/0.4894386/-0.0617756/0.971228/0.2299998/0.8831718/0.126098/-0.2209988/0.9670877/0.8768432/0/0/0/1
131#1.455556#0.9901069/0.08850633/-0.1088809/0.4894853/-0.06153052/0.9712493/0.2299754/0.8831414/0.1261048/-0.2210007/0.9670865/0.8767991/0/0/0/1
132#1.466667#0.9901262/0.08829176/-0.1088792/0.4895939/-0.06135799/0.9713285/0.2296872/0.883094/0.1260369/-0.2207387/0.9671551/0.876987/0/0/0/1
133#1.477778#0.9901557/0.08783056/-0.1089839/0.4896463/-0.06089127/0.9713745/0.2296167/0.8830513/0.1260315/-0.2207201/0.9671601/0.8769705/0/0/0/1
134#1.488889#0.990162/0.08779959/-0.1089512/0.4900213/-0.06087842/0.9713938/0.2295384/0.8828068/0.1259879/-0.2206474/0.9671824/0.8770344/0/0/0/1
135#1.5#0.9901519/0.08772565/-0.1091026/0.489981/-0.06077172/0.9713999/0.2295405/0.8826989/0.1261188/-0.2206496/0.9671648/0.8770318/0/0/0/1
136#1.511111#0.9901701/0.08764857/-0.1089999/0.4900696/-0.06071701/0.9713995/0.2295566/0.8826537/0.1260027/-0.2206819/0.9671727/0.8770261/0/0/0/1
137#1.522222#0.9901693/0.08750524/-0.1091215/0.4899398/-0.06054337/0.9714/0.229601/0.8829236/0.1260919/-0.2207372/0.9671483/0.8770823/0/0/0/1
138#1.533333#0.9901639/0.08754438/-0.1091391/0.4900196/-0.06058085/0.9714031/0.2295778/0.8828828/0.1261163/-0.2207079/0.967152/0.877075/0/0/0/1
139#1.544444#0.9901297/0.08763904/-0.1093748/0.490319/-0.06061106/0.9713832/0.2296537/0.8825926/0.1263714/-0.2207576/0.9671074/0.8769269/0/0/0/1
140#1.555556#0.9901271/0.08781233/-0.1092579/0.4904225/-0.06082104/0.9713951/0.2295479/0.8825397/0.1262897/-0.2206364/0.9671454/0.8769248/0/0/0/1
141#1.566667#0.9900959/0.08793222/-0.1094442/0.490456/-0.06091687/0.9714251/0.2293957/0.8824497/0.1264881/-0.2204567/0.9671606/0.8769364/0/0/0/1
142#1.577778#0.9900922/0.08815632/-0.1092976/0.4905579/-0.06117112/0.971412/0.2293835/0.88241/0.1263946/-0.2204249/0.9671801/0.8769226/0/0/0/1
143#1.588889#0.9900783/0.08827551/-0.1093286/0.4905835/-0.06126941/0.9713846/0.2294731/0.8824501/0.126457/-0.2204978/0.9671553/0.8767593/0/0/0/1
144#1.6#0.9900859/0.08836238/-0.1091881/0.4906835/-0.06138781/0.9713804/0.2294598/0.8823996/0.1263388/-0.2204821/0.9671744/0.8767292/0/0/0/1
145#1.611111#0.9900364/0.08870177/-0.1093618/0.4908834/-0.06168875/0.9713736/0.2294078/0.8820174/0.1265801/-0.2203757/0.967167/0.8765173/0/0/0/1
146#1.622222#0.9900364/0.08870177/-0.1093618/0.4908834/-0.06168875/0.9713736/0.2294078/0.8820174/0.1265801/-0.2203757/0.967167/0.8765173/0/0/0/1
147#1.633333#0.9900116/0.0890731/-0.1092836/0.4909649/-0.062069/0.9713464/0.2294196/0.8819479/0.1265874/-0.220345/0.967173/0.8764672/0/0/0/1
148#1.644444#0.9900337/0.08910827/-0.1090548/0.4897317/-0.06216056/0.9713513/0.2293745/0.8824921/0.1263697/-0.2203096/0.9672096/0.8766384/0/0/0/1
149#1.655556#0.9900068/0.08941858/-0.1090445/0.4896649/-0.06242944/0.9712657/0.2296641/0.8826103/0.1264474/-0.2205615/0.967142/0.876363/0/0/0/1
150#1.666667#0.9900068/0.08941858/-0.1090445/0.4896649/-0.06242944/0.9712657/0.2296641/0.8826103/0.1264474/-0.2205615/0.967142/0.876363/0/0/0/1
151#1.677778#0.9900207/0.08927882/-0.1090335/0.4895943/-0.06226011/0.9712136/0.2299296/0.8828471/0.1264227/-0.2208466/0.9670802/0.8758516/0/0/0/1
152#1.688889#0.9900181/0.08920821/-0.1091144/0.4896043/-0.06217096/0.9712163/0.2299429/0.8828105/0.1264865/-0.2208638/0.9670679/0.87572/0/0/0/1
153#1.7#0.9900181/0.08920821/-0.1091144/0.4896043/-0.06217096/0.9712163/0.2299429/0.8828105/0.1264865/-0.2208638/0.9670679/0.87572/0/0/0/1
154#1.711111#0.9900257/0.08909595/-0.1091378/0.4895326/-0.06206191/0.9712347/0.2298946/0.8830596/0.1264811/-0.2208283/0.9670767/0.8756657/0/0/0/1
155#1.722222#0.9900363/0.0890339/-0.109092/0.4896672/-0.06205064/0.9713066/0.2295938/0.8828187/0.1264034/-0.2205369/0.9671534/0.8755085/0/0/0/1
156#1.733333#0.9900424/0.08914053/-0.108951/0.4896305/-0.06218698/0.9712981/0.2295923/0.8828473/0.1262899/-0.2205308/0.9671695/0.8754978/0/0/0/1
157#1.744444#0.9900424/0.08914053/-0.108951/0.4896305/-0.06218698/0.9712981/0.2295923/0.8828473/0.1262899/-0.2205308/0.9671695/0.8754978/0/0/0/1
158#1.755556#0.990072/0.08872835/-0.1090168/0.4898381/-0.06182238/0.9714202/0.2291746/0.8827825/0.1262354/-0.2201597/0.9672613/0.8754532/0/0/0/1
159#1.766667#0.9900868/0.088354/-0.1091864/0.4898413/-0.06141195/0.9714368/0.2292148/0.8827776/0.1263198/-0.2202372/0.9672326/0.8753548/0/0/0/1
160#1.777778#0.9901081/0.08806621/-0.1092255/0.4891823/-0.06118045/0.9715587/0.2287584/0.8833095/0.1262649/-0.219813/0.9673362/0.8757486/0/0/0/1
161#1.788889#0.9901123/0.08796273/-0.1092705/0.4891969/-0.06106468/0.9715586/0.2287904/0.8833145/0.1262877/-0.2198557/0.9673235/0.8756838/0/0/0/1
162#1.8#0.9901111/0.08785827/-0.1093659/0.4892732/-0.06098004/0.9716344/0.2284906/0.8832071/0.1263385/-0.219562/0.9673836/0.8758361/0/0/0/1
163#1.811111#0.9901222/0.08775518/-0.1093483/0.4893136/-0.0608893/0.9716518/0.228441/0.883166/0.1262954/-0.2195263/0.9673975/0.8757944/0/0/0/1
164#1.822222#0.9901225/0.08790556/-0.1092249/0.4893002/-0.06109608/0.971696/0.2281977/0.8829542/0.1261932/-0.2192705/0.9674687/0.8759468/0/0/0/1
165#1.833333#0.9901134/0.08797112/-0.109254/0.4892873/-0.06114411/0.9716752/0.2282731/0.8829536/0.1262408/-0.2193361/0.9674476/0.8759134/0/0/0/1
166#1.844445#0.9900843/0.08842839/-0.1091491/0.4893431/-0.06160671/0.971629/0.2283458/0.8829484/0.1262447/-0.2193572/0.9674423/0.8759074/0/0/0/1
167#1.855556#0.9900857/0.08853576/-0.1090492/0.4889063/-0.06172769/0.9716094/0.2283966/0.8832544/0.1261745/-0.2194008/0.9674416/0.8758969/0/0/0/1
168#1.866667#0.9900617/0.0889062/-0.1089658/0.488941/-0.06210513/0.971577/0.2284322/0.8832245/0.1261777/-0.2193947/0.9674428/0.8758614/0/0/0/1
169#1.877778#0.9900574/0.08906696/-0.1088733/0.488861/-0.06227225/0.9715458/0.2285183/0.8832957/0.1261289/-0.2194664/0.9674327/0.8757515/0/0/0/1
170#1.888889#0.9900494/0.08914099/-0.1088853/0.4888707/-0.06233573/0.9715301/0.2285682/0.8832798/0.1261602/-0.2195063/0.9674196/0.8757141/0/0/0/1
171#1.9#0.990047/0.08932494/-0.1087567/0.4890373/-0.0625607/0.9715443/0.2284467/0.8832788/0.1260679/-0.219369/0.9674627/0.8757181/0/0/0/1
172#1.911111#0.9900392/0.08939939/-0.1087661/0.489168/-0.06266598/0.9715994/0.2281833/0.8831757/0.1260765/-0.2190945/0.9675238/0.8758512/0/0/0/1
173#1.922222#0.9900308/0.08950019/-0.1087603/0.4891896/-0.0627566/0.9715762/0.2282571/0.8831706/0.1260979/-0.2191561/0.9675071/0.8758404/0/0/0/1
174#1.933333#0.9900308/0.08952216/-0.1087414/0.4892076/-0.06279531/0.9715971/0.2281575/0.8829564/0.126078/-0.2190545/0.9675327/0.8759778/0/0/0/1
175#1.944445#0.9900308/0.08952216/-0.1087414/0.4892076/-0.06279531/0.9715971/0.2281575/0.8829564/0.126078/-0.2190545/0.9675327/0.8759778/0/0/0/1
176#1.955556#0.9900808/0.08900911/-0.1087074/0.4886105/-0.06230331/0.971636/0.2281273/0.8835353/0.1259294/-0.2190917/0.9675435/0.8761301/0/0/0/1
177#1.966667#0.9901056/0.08859969/-0.1088163/0.4886148/-0.06187988/0.9716675/0.2281076/0.8835499/0.1259435/-0.2191171/0.9675359/0.876142/0/0/0/1
178#1.977778#0.9901201/0.08845226/-0.1088044/0.4886199/-0.06174953/0.9716969/0.2280178/0.8837113/0.1258936/-0.2190464/0.9675584/0.8762393/0/0/0/1
179#1.988889#0.9901013/0.0885978/-0.1088559/0.4887058/-0.06187388/0.9716762/0.2280718/0.8835285/0.1259793/-0.2190789/0.9675399/0.8761816/0/0/0/1
180#2#0.9900938/0.08855245/-0.1089623/0.4887177/-0.06180538/0.97168/0.2280744/0.8835223/0.1260731/-0.2190806/0.9675273/0.8762/0/0/0/1
181#2.011111#0.9900892/0.08836005/-0.1091588/0.4888142/-0.06157957/0.9717064/0.2280233/0.8833863/0.1262184/-0.2190415/0.9675173/0.8761749/0/0/0/1
182#2.022222#0.990106/0.0883153/-0.1090433/0.4888496/-0.06155993/0.9717053/0.2280339/0.8833804/0.1260968/-0.219065/0.967528/0.8761773/0/0/0/1
183#2.033333#0.9900811/0.08841056/-0.1091928/0.489097/-0.06159562/0.9716587/0.2282222/0.8832541/0.1262754/-0.2192327/0.9674666/0.8761084/0/0/0/1
184#2.044445#0.9900848/0.08842329/-0.1091476/0.4891301/-0.06162781/0.9716739/0.2281484/0.8832383/0.1262295/-0.2191597/0.967489/0.8761086/0/0/0/1
185#2.055556#0.9900796/0.08846807/-0.1091599/0.4893133/-0.06167436/0.9716806/0.2281075/0.8830169/0.1262488/-0.2191122/0.9674973/0.8761439/0/0/0/1
186#2.066667#0.9900801/0.08840672/-0.109205/0.4893405/-0.0616092/0.9716939/0.2280686/0.8830084/0.1262766/-0.2190781/0.9675013/0.8761816/0/0/0/1
187#2.077778#0.9900637/0.08864456/-0.1091594/0.4894113/-0.06185737/0.9716864/0.2280332/0.8830379/0.1262826/-0.2190151/0.9675149/0.8761921/0/0/0/1
188#2.088889#0.9900705/0.08870752/-0.1090467/0.4894525/-0.06195187/0.9716942/0.2279744/0.882991/0.1261831/-0.2189551/0.9675415/0.8761997/0/0/0/1
189#2.1#0.9900286/0.08898392/-0.1092027/0.4895446/-0.06217948/0.9716635/0.2280435/0.8828554/0.1264005/-0.2189794/0.9675077/0.8760483/0/0/0/1
190#2.111111#0.990034/0.08900368/-0.109137/0.4894798/-0.06220029/0.9716384/0.2281444/0.8832134/0.1263474/-0.2190824/0.9674912/0.8758678/0/0/0/1
191#2.122222#0.990034/0.08900368/-0.109137/0.4894798/-0.06220029/0.9716384/0.2281444/0.8832134/0.1263474/-0.2190824/0.9674912/0.8758678/0/0/0/1
192#2.133333#0.990051/0.08887011/-0.1090924/0.4895614/-0.0620706/0.9716315/0.2282096/0.8830751/0.1262786/-0.2191676/0.967481/0.8758759/0/0/0/1
193#2.144444#0.990051/0.08887011/-0.1090924/0.4895614/-0.0620706/0.9716315/0.2282096/0.8830751/0.1262786/-0.2191676/0.967481/0.8758759/0/0/0/1
194#2.155556#0.9900395/0.0891369/-0.1089789/0.4895155/-0.06238557/0.9716614/0.2279957/0.8829153/0.1262134/-0.218926/0.9675441/0.876085/0/0/0/1
195#2.166667#0.9900395/0.0891369/-0.1089789/0.4895155/-0.06238557/0.9716614/0.2279957/0.8829153/0.1262134/-0.218926/0.9675441/0.876085/0/0/0/1
196#2.177778#0.9900622/0.08895813/-0.1089184/0.4890672/-0.06220627/0.9716418/0.2281282/0.883198/0.1261236/-0.2190857/0.9675196/0.87621/0/0/0/1
197#2.188889#0.9900622/0.08895813/-0.1089184/0.4890672/-0.06220627/0.9716418/0.2281282/0.883198/0.1261236/-0.2190857/0.9675196/0.87621/0/0/0/1
198#2.2#0.9900525/0.08895399/-0.1090093/0.4892327/-0.06218226/0.9716439/0.2281263/0.8832426/0.1262109/-0.2190785/0.96751/0.8760381/0/0/0/1
199#2.211111#0.9900522/0.08897474/-0.1089965/0.4892571/-0.06218759/0.9716113/0.2282633/0.8832686/0.1262119/-0.2192143/0.9674789/0.8760273/0/0/0/1
200#2.222222#0.9900545/0.08892331/-0.1090166/0.4892796/-0.06214746/0.9716405/0.2281499/0.8832676/0.1262128/-0.2191057/0.9675035/0.8760297/0/0/0/1
201#2.233333#0.9900658/0.08878276/-0.1090288/0.4893013/-0.06200884/0.971653/0.2281344/0.8832705/0.1261926/-0.2191073/0.9675059/0.8760242/0/0/0/1
202#2.244445#0.9900636/0.08869611/-0.1091195/0.489521/-0.06191089/0.9716724/0.2280787/0.883028/0.1262581/-0.2190567/0.9675087/0.876117/0/0/0/1
203#2.255556#0.9900519/0.08866708/-0.1092496/0.4897261/-0.06184518/0.9716616/0.2281422/0.8827951/0.1263824/-0.219116/0.9674789/0.8760672/0/0/0/1
204#2.266667#0.9900586/0.08865265/-0.1092003/0.489767/-0.06184061/0.9716594/0.2281528/0.8827773/0.1263319/-0.2191316/0.9674821/0.87608/0/0/0/1
205#2.277778#0.9900835/0.08837057/-0.1092029/0.489476/-0.06155486/0.9716626/0.2282167/0.8829088/0.126276/-0.2192317/0.9674667/0.8760464/0/0/0/1
206#2.288889#0.9900929/0.08822425/-0.1092356/0.489475/-0.06142424/0.9717073/0.2280615/0.8828615/0.1262656/-0.2190923/0.9674996/0.8760586/0/0/0/1
207#2.3#0.9900706/0.08843321/-0.1092697/0.4897627/-0.06160622/0.9716678/0.2281804/0.8828195/0.1263525/-0.219183/0.9674677/0.8758752/0/0/0/1
208#2.311111#0.9900739/0.08846132/-0.1092169/0.4899071/-0.06164566/0.9716655/0.2281796/0.8827606/0.1263073/-0.219182/0.9674738/0.8758087/0/0/0/1
209#2.322222#0.9900732/0.08849564/-0.1091953/0.4899299/-0.06168868/0.9716708/0.2281449/0.8827437/0.1262917/-0.219144/0.9674845/0.8757882/0/0/0/1
210#2.333333#0.9900767/0.08844768/-0.1092014/0.4901102/-0.06165238/0.971695/0.2280519/0.8824645/0.1262811/-0.2190564/0.9675058/0.8758597/0/0/0/1
211#2.344445#0.9900778/0.08847113/-0.1091734/0.4901332/-0.06168301/0.9716957/0.2280411/0.8824337/0.1262584/-0.2190443/0.9675114/0.8758538/0/0/0/1
212#2.355556#0.9900725/0.08862852/-0.1090945/0.490151/-0.06185695/0.971688/0.2280264/0.8824776/0.1262155/-0.2190144/0.9675238/0.8759074/0/0/0/1
213#2.366667#0.9900535/0.08863714/-0.1092579/0.4899082/-0.06183618/0.9717021/0.2279722/0.882625/0.1263729/-0.2189486/0.9675181/0.8759229/0/0/0/1
214#2.377778#0.9900495/0.08865699/-0.1092779/0.4899198/-0.06184294/0.9716867/0.2280356/0.8826096/0.1264009/-0.2190085/0.967501/0.875916/0/0/0/1
215#2.388889#0.9900383/0.08874203/-0.109312/0.4898521/-0.06192607/0.9716946/0.2279802/0.8827333/0.1264492/-0.2189399/0.9675102/0.8759215/0/0/0/1
216#2.4#0.9900326/0.0888385/-0.1092852/0.4898812/-0.06202816/0.9716905/0.227969/0.8827238/0.1264438/-0.2189179/0.9675158/0.8759234/0/0/0/1
217#2.411111#0.9900326/0.0888385/-0.1092852/0.4898812/-0.06202816/0.9716905/0.227969/0.8827238/0.1264438/-0.2189179/0.9675158/0.8759234/0/0/0/1
218#2.422222#0.9900392/0.08903366/-0.1090655/0.4899905/-0.06224873/0.971641/0.2281203/0.8827192/0.1262829/-0.2190589/0.967505/0.8758705/0/0/0/1
219#2.433333#0.9900196/0.08907702/-0.1092085/0.490113/-0.06227991/0.9716755/0.2279644/0.8824948/0.1264216/-0.2188877/0.9675256/0.8758798/0/0/0/1
220#2.444444#0.9900312/0.0889372/-0.109217/0.490124/-0.06213675/0.9716775/0.2279953/0.8824805/0.126401/-0.2189361/0.9675173/0.8758826/0/0/0/1
221#2.455556#0.9900312/0.0889372/-0.109217/0.490124/-0.06213675/0.9716775/0.2279953/0.8824805/0.126401/-0.2189361/0.9675173/0.8758826/0/0/0/1
222#2.466667#0.9900742/0.08860663/-0.1090957/0.4894758/-0.06184307/0.9717031/0.227966/0.8830774/0.1262079/-0.2189564/0.9675379/0.8760011/0/0/0/1
223#2.477778#0.9900729/0.08866002/-0.1090637/0.4894709/-0.0619139/0.971719/0.2278792/0.8830607/0.126183/-0.2188645/0.9675619/0.8760076/0/0/0/1
224#2.488889#0.990101/0.08853407/-0.1089104/0.4890847/-0.06181432/0.9717073/0.227956/0.883298/0.1260109/-0.2189672/0.9675612/0.8761652/0/0/0/1
225#2.5#0.9900879/0.08850877/-0.1090507/0.4890542/-0.06176047/0.9717145/0.2279395/0.8833092/0.1261408/-0.2189451/0.9675491/0.8761714/0/0/0/1
226#2.511111#0.9900879/0.08850877/-0.1090507/0.4890542/-0.06176047/0.9717145/0.2279395/0.8833092/0.1261408/-0.2189451/0.9675491/0.8761714/0/0/0/1
227#2.522222#0.9901152/0.08840202/-0.1088903/0.4890777/-0.06168819/0.9717135/0.2279636/0.8833696/0.1259626/-0.2189929/0.9675615/0.8761179/0/0/0/1
228#2.533333#0.9901232/0.08839171/-0.1088259/0.4891107/-0.06170314/0.9717319/0.2278809/0.8832941/0.1258924/-0.2189152/0.9675884/0.8761237/0/0/0/1
229#2.544445#0.9901425/0.08810197/-0.1088838/0.4888891/-0.06142388/0.971782/0.2277428/0.8833501/0.1258759/-0.2188098/0.9676143/0.8761892/0/0/0/1
230#2.555556#0.99014/0.08807378/-0.1089293/0.4888628/-0.0613811/0.9717756/0.2277815/0.8833601/0.1259164/-0.2188493/0.9676001/0.8762088/0/0/0/1
231#2.566667#0.99014/0.08807378/-0.1089293/0.4888628/-0.0613811/0.9717756/0.2277815/0.8833601/0.1259164/-0.2188493/0.9676001/0.8762088/0/0/0/1
232#2.577778#0.9901512/0.08787616/-0.1089876/0.488565/-0.06118025/0.9717993/0.2277349/0.8835613/0.1259265/-0.2188241/0.9676045/0.8762505/0/0/0/1
233#2.588889#0.9901403/0.08800847/-0.1089808/0.4885058/-0.06131314/0.9717936/0.2277232/0.8836529/0.1259484/-0.218796/0.967608/0.8762817/0/0/0/1
234#2.6#0.9901334/0.08803859/-0.1090179/0.4884613/-0.06133499/0.9717932/0.2277192/0.8836713/0.1259909/-0.2187859/0.9676048/0.876287/0/0/0/1
235#2.611111#0.9901512/0.08791489/-0.1089557/0.4879885/-0.06122779/0.9718007/0.2277161/0.8839195/0.1259029/-0.2188023/0.9676126/0.8764005/0/0/0/1
236#2.622222#0.9901537/0.08789217/-0.1089539/0.4879378/-0.06120573/0.9718016/0.2277175/0.8839511/0.1258962/-0.2188067/0.9676124/0.8764093/0/0/0/1
237#2.633333#0.9901619/0.08795416/-0.108827/0.4875569/-0.06129644/0.9717991/0.2277042/0.8842471/0.1257855/-0.2187933/0.9676298/0.8765671/0/0/0/1
238#2.644444#0.9901785/0.08787447/-0.1087413/0.4875012/-0.06124008/0.9718078/0.2276824/0.8842741/0.1256831/-0.2187869/0.9676445/0.8765857/0/0/0/1
239#2.655556#0.9901629/0.08808111/-0.1087159/0.4875731/-0.06144833/0.9717941/0.227684/0.8842801/0.1257041/-0.2187638/0.9676471/0.8765185/0/0/0/1
240#2.666667#0.9901863/0.0879785/-0.1085847/0.4873807/-0.0613785/0.9718018/0.2276703/0.8844352/0.1255529/-0.2187712/0.967665/0.8765616/0/0/0/1
241#2.677778#0.9901704/0.08818783/-0.1085616/0.4873183/-0.06159596/0.9718006/0.2276173/0.8844504/0.1255733/-0.2186929/0.9676801/0.8765807/0/0/0/1
242#2.688889#0.9901561/0.08829715/-0.1086028/0.4874036/-0.0616884/0.9717844/0.2276612/0.8843515/0.1256404/-0.2187206/0.9676651/0.8764615/0/0/0/1
243#2.7#0.9901461/0.08844332/-0.1085749/0.4873491/-0.06182925/0.9717595/0.2277289/0.8843904/0.1256498/-0.2187718/0.9676523/0.8764725/0/0/0/1
244#2.711111#0.990139/0.08850199/-0.108591/0.4874027/-0.06190128/0.9717875/0.2275902/0.8843213/0.1256695/-0.218624/0.9676833/0.876472/0/0/0/1
245#2.722222#0.9901459/0.08834399/-0.1086571/0.4873338/-0.0617216/0.9717809/0.2276668/0.8843471/0.1257039/-0.2187169/0.9676576/0.8764853/0/0/0/1
246#2.733333#0.9901774/0.08808531/-0.1085804/0.4870005/-0.06150135/0.9718249/0.2275387/0.8846023/0.125564/-0.2186258/0.9676963/0.8766658/0/0/0/1
247#2.744445#0.9901745/0.08807199/-0.1086177/0.4869254/-0.06148311/0.9718316/0.2275151/0.8846171/0.1255958/-0.2186014/0.967698/0.8766906/0/0/0/1
248#2.755556#0.9901769/0.08798975/-0.1086623/0.4869782/-0.06138362/0.971822/0.2275832/0.8847358/0.1256254/-0.2186776/0.9676767/0.8766489/0/0/0/1
249#2.766667#0.9901792/0.08801155/-0.1086233/0.4869217/-0.06141752/0.9718267/0.2275537/0.8847637/0.1255904/-0.2186476/0.9676881/0.8766685/0/0/0/1
250#2.777778#0.9901901/0.08782375/-0.1086757/0.4868567/-0.06123747/0.9718668/0.2274312/0.8847015/0.1255922/-0.2185451/0.967711/0.8767338/0/0/0/1
251#2.788889#0.9901928/0.08772948/-0.108728/0.4869809/-0.06113637/0.9718787/0.2274079/0.8845478/0.1256208/-0.2185305/0.9677106/0.8766656/0/0/0/1
252#2.8#0.9901969/0.08765486/-0.1087502/0.4869142/-0.06106817/0.9719008/0.2273311/0.8845562/0.1256211/-0.2184614/0.9677262/0.8766928/0/0/0/1
253#2.811111#0.9902139/0.08746301/-0.1087502/0.4870383/-0.0608627/0.9718828/0.2274635/0.8845896/0.1255871/-0.2186188/0.967695/0.8766158/0/0/0/1
254#2.822222#0.9902213/0.08739742/-0.1087355/0.48698/-0.06080662/0.9718953/0.2274247/0.884626/0.1255558/-0.2185889/0.9677058/0.8766274/0/0/0/1
255#2.833333#0.9902178/0.08744657/-0.1087275/0.4873173/-0.06084473/0.9718715/0.2275164/0.884439/0.1255647/-0.2186753/0.9676853/0.876493/0/0/0/1
256#2.844445#0.9902078/0.08749304/-0.1087819/0.4876562/-0.06087561/0.9718649/0.2275368/0.884172/0.1256292/-0.2186866/0.9676742/0.8764436/0/0/0/1
257#2.855556#0.9902078/0.08749304/-0.1087819/0.4876562/-0.06087561/0.9718649/0.2275368/0.884172/0.1256292/-0.2186866/0.9676742/0.8764436/0/0/0/1
258#2.866667#0.9902139/0.0875158/-0.1087077/0.487635/-0.06090529/0.9718465/0.2276071/0.8842021/0.1255664/-0.2187589/0.9676661/0.8764544/0/0/0/1
259#2.877778#0.9902028/0.08756407/-0.10877/0.4874716/-0.06094532/0.9718556/0.2275572/0.8843998/0.1256346/-0.2186988/0.9676708/0.8764453/0/0/0/1
260#2.888889#0.9902009/0.0876516/-0.1087168/0.4873884/-0.06105243/0.971866/0.2274848/0.8844122/0.1255976/-0.2186182/0.9676938/0.8764896/0/0/0/1
261#2.9#0.9902071/0.08766241/-0.1086518/0.4873546/-0.06107376/0.9718579/0.2275133/0.8844361/0.1255385/-0.2186494/0.9676946/0.8765006/0/0/0/1
262#2.911111#0.9902082/0.08766052/-0.108643/0.4871415/-0.06108674/0.9718802/0.2274141/0.8846357/0.1255233/-0.2185506/0.9677187/0.8764937/0/0/0/1
263#2.922222#0.9902082/0.08766052/-0.108643/0.4871415/-0.06108674/0.9718802/0.2274141/0.8846357/0.1255233/-0.2185506/0.9677187/0.8764937/0/0/0/1
264#2.933333#0.9902017/0.08771522/-0.1086586/0.4873141/-0.06107106/0.9717624/0.2279219/0.8845075/0.1255826/-0.2190528/0.9675975/0.8765655/0/0/0/1
265#2.944444#0.9902017/0.08771522/-0.1086586/0.4873141/-0.06107106/0.9717624/0.2279219/0.8845075/0.1255826/-0.2190528/0.9675975/0.8765655/0/0/0/1
266#2.955556#0.9901968/0.08792955/-0.1085296/0.4875938/-0.0613092/0.9717457/0.2279286/0.8842812/0.1255048/-0.2190403/0.9676105/0.8764582/0/0/0/1
267#2.966667#0.990175/0.08803789/-0.1086399/0.4876583/-0.06140981/0.9717733/0.2277837/0.8841993/0.125627/-0.2188742/0.9676321/0.8764558/0/0/0/1
268#2.977778#0.9901871/0.08784259/-0.1086885/0.4876108/-0.06119549/0.9717656/0.2278751/0.8842354/0.1256368/-0.2189878/0.9676051/0.876452/0/0/0/1
269#2.988889#0.9902036/0.08770375/-0.1086493/0.4876087/-0.0610856/0.9718043/0.227739/0.8843225/0.1255594/-0.2188711/0.9676416/0.876466/0/0/0/1
270#3#0.9902036/0.08770375/-0.1086493/0.4876087/-0.0610856/0.9718043/0.227739/0.8843225/0.1255594/-0.2188711/0.9676416/0.876466/0/0/0/1
271#3.011111#0.9902267/0.08720502/-0.1088399/0.4873406/-0.06057964/0.9718824/0.2275402/0.8843985/0.1256222/-0.2187229/0.9676671/0.8765252/0/0/0/1
272#3.022222#0.9902267/0.08720502/-0.1088399/0.4873406/-0.06057964/0.9718824/0.2275402/0.8843985/0.1256222/-0.2187229/0.9676671/0.8765252/0/0/0/1
273#3.033333#0.9902267/0.08720502/-0.1088399/0.4873406/-0.06057964/0.9718824/0.2275402/0.8843985/0.1256222/-0.2187229/0.9676671/0.8765252/0/0/0/1
274#3.044445#0.9902267/0.08720502/-0.1088399/0.4873406/-0.06057964/0.9718824/0.2275402/0.8843985/0.1256222/-0.2187229/0.9676671/0.8765252/0/0/0/1
275#3.055556#0.9902267/0.08720502/-0.1088399/0.4873406/-0.06057964/0.9718824/0.2275402/0.8843985/0.1256222/-0.2187229/0.9676671/0.8765252/0/0/0/1
276#3.066667#0.9902267/0.08720502/-0.1088399/0.4873406/-0.06057964/0.9718824/0.2275402/0.8843985/0.1256222/-0.2187229/0.9676671/0.8765252/0/0/0/1
277#3.077778#0.9902267/0.08720502/-0.1088399/0.4873406/-0.06057964/0.9718824/0.2275402/0.8843985/0.1256222/-0.2187229/0.9676671/0.8765252/0/0/0/1
278#3.088889#0.9902267/0.08720502/-0.1088399/0.4873406/-0.06057964/0.9718824/0.2275402/0.8843985/0.1256222/-0.2187229/0.9676671/0.8765252/0/0/0/1
279#3.1#0.9902267/0.08720502/-0.1088399/0.4873406/-0.06057964/0.9718824/0.2275402/0.8843985/0.1256222/-0.2187229/0.9676671/0.8765252/0/0/0/1
280#3.111111#0.9902267/0.08720502/-0.1088399/0.4873406/-0.06057964/0.9718824/0.2275402/0.8843985/0.1256222/-0.2187229/0.9676671/0.8765252/0/0/0/1
281#3.122222#0.990226/0.08727928/-0.1087874/0.4873156/-0.06067446/0.971895/0.227461/0.8843991/0.1255825/-0.2186372/0.9676915/0.8765497/0/0/0/1
282#3.133333#0.9902005/0.0874911/-0.1088496/0.4877548/-0.06086623/0.9718788/0.227479/0.8841007/0.125691/-0.2186245/0.9676803/0.8764269/0/0/0/1
283#3.144444#0.9901966/0.08758146/-0.1088119/0.4877302/-0.06097905/0.9719003/0.2273573/0.8840917/0.1256666/-0.2184932/0.9677131/0.8764396/0/0/0/1
284#3.155556#0.9902089/0.08752736/-0.1087432/0.4875506/-0.06093214/0.9718869/0.227427/0.8843365/0.1255921/-0.2185743/0.9677044/0.8765011/0/0/0/1
285#3.166667#0.9902108/0.08743694/-0.1088006/0.4875051/-0.0608314/0.9718946/0.2274214/0.8843459/0.1256278/-0.2185766/0.9676993/0.8765197/0/0/0/1
286#3.177778#0.9901878/0.08770016/-0.1087967/0.4879537/-0.0610764/0.9718536/0.2275308/0.8840061/0.125689/-0.2186533/0.967674/0.8763902/0/0/0/1
287#3.188889#0.9901949/0.08761121/-0.1088044/0.4879225/-0.06098753/0.9718594/0.2275298/0.8840144/0.1256768/-0.2186631/0.9676734/0.8763857/0/0/0/1
288#3.2#0.9901935/0.08760214/-0.1088237/0.4878552/-0.06098868/0.9718852/0.2274194/0.8840609/0.1256866/-0.2185522/0.9676971/0.8764031/0/0/0/1
289#3.211111#0.9901947/0.08758234/-0.1088281/0.4878664/-0.06095832/0.9718693/0.227496/0.8840683/0.1256913/-0.2186315/0.9676787/0.8763592/0/0/0/1
290#3.222222#0.9901932/0.08758335/-0.1088416/0.4878269/-0.06096193/0.9718791/0.2274527/0.8840798/0.125702/-0.218587/0.9676872/0.8763547/0/0/0/1
291#3.233333#0.9902004/0.08761196/-0.1087534/0.4882231/-0.06099535/0.9718512/0.2275623/0.8838481/0.1256294/-0.2186988/0.9676713/0.876229/0/0/0/1
292#3.244445#0.9901994/0.08763617/-0.108742/0.4882046/-0.06103027/0.9718647/0.2274958/0.8838456/0.1256194/-0.2186296/0.9676884/0.8762321/0/0/0/1
293#3.255556#0.990212/0.08752516/-0.1087173/0.4878281/-0.06094105/0.971896/0.227386/0.8840644/0.1255639/-0.218535/0.967717/0.8763673/0/0/0/1
