0#0#0.9550303/0.1623513/-0.2481114/-0.7565987/-0.000578478/0.8377957/0.5459836/0.638496/0.2965078/-0.5212873/0.8002144/-0.2523437/0/0/0/1
1#0.01111111#0.9550303/0.1623513/-0.2481114/-0.7565987/-0.000578478/0.8377957/0.5459836/0.638496/0.2965078/-0.5212873/0.8002144/-0.2523437/0/0/0/1
2#0.02222222#0.9550408/0.1623619/-0.2480638/-0.7566018/-0.0006060079/0.8377798/0.5460078/0.6384968/0.2964738/-0.5213094/0.8002123/-0.252345/0/0/0/1
3#0.03333334#0.9550408/0.1623619/-0.2480638/-0.7566018/-0.0006060079/0.8377798/0.5460078/0.6384968/0.2964738/-0.5213094/0.8002123/-0.252345/0/0/0/1
4#0.04444445#0.9550408/0.1623619/-0.2480638/-0.7566018/-0.0006060079/0.8377798/0.5460078/0.6384968/0.2964738/-0.5213094/0.8002123/-0.252345/0/0/0/1
5#0.05555556#0.9550408/0.1623619/-0.2480638/-0.7566018/-0.0006060079/0.8377798/0.5460078/0.6384968/0.2964738/-0.5213094/0.8002123/-0.252345/0/0/0/1
6#0.06666667#0.9550408/0.1623619/-0.2480638/-0.7566018/-0.0006060079/0.8377798/0.5460078/0.6384968/0.2964738/-0.5213094/0.8002123/-0.252345/0/0/0/1
7#0.07777778#0.9550408/0.1623619/-0.2480638/-0.7566018/-0.0006060079/0.8377798/0.5460078/0.6384968/0.2964738/-0.5213094/0.8002123/-0.252345/0/0/0/1
8#0.08888889#0.9550408/0.1623619/-0.2480638/-0.7566018/-0.0006060079/0.8377798/0.5460078/0.6384968/0.2964738/-0.5213094/0.8002123/-0.252345/0/0/0/1
9#0.1#0.9550408/0.1623619/-0.2480638/-0.7566018/-0.0006060079/0.8377798/0.5460078/0.6384968/0.2964738/-0.5213094/0.8002123/-0.252345/0/0/0/1
10#0.1111111#0.9550408/0.1623619/-0.2480638/-0.7566018/-0.0006060079/0.8377798/0.5460078/0.6384968/0.2964738/-0.5213094/0.8002123/-0.252345/0/0/0/1
11#0.1222222#0.9550408/0.1623619/-0.2480638/-0.7566018/-0.0006060079/0.8377798/0.5460078/0.6384968/0.2964738/-0.5213094/0.8002123/-0.252345/0/0/0/1
12#0.1333333#0.9550408/0.1623619/-0.2480638/-0.7566018/-0.0006060079/0.8377798/0.5460078/0.6384968/0.2964738/-0.5213094/0.8002123/-0.252345/0/0/0/1
13#0.1444445#0.9550408/0.1623619/-0.2480638/-0.7566018/-0.0006060079/0.8377798/0.5460078/0.6384968/0.2964738/-0.5213094/0.8002123/-0.252345/0/0/0/1
14#0.1555556#0.9550408/0.1623619/-0.2480638/-0.7566018/-0.0006060079/0.8377798/0.5460078/0.6384968/0.2964738/-0.5213094/0.8002123/-0.252345/0/0/0/1
15#0.1666667#0.9550408/0.1623619/-0.2480638/-0.7566018/-0.0006060079/0.8377798/0.5460078/0.6384968/0.2964738/-0.5213094/0.8002123/-0.252345/0/0/0/1
16#0.1777778#0.9551135/0.1621854/-0.2478995/-0.7570131/-0.0005587116/0.8378038/0.5459711/0.6381595/0.2962397/-0.5213259/0.8002883/-0.2521383/0/0/0/1
17#0.1888889#0.9551135/0.1621854/-0.2478995/-0.7570131/-0.0005587116/0.8378038/0.5459711/0.6381595/0.2962397/-0.5213259/0.8002883/-0.2521383/0/0/0/1
18#0.2#0.9551135/0.1621854/-0.2478995/-0.7570131/-0.0005587116/0.8378038/0.5459711/0.6381595/0.2962397/-0.5213259/0.8002883/-0.2521383/0/0/0/1
19#0.2111111#0.955157/0.1620584/-0.247815/-0.7570624/-0.0005161539/0.8378401/0.5459154/0.6380826/0.2960995/-0.5213071/0.8003524/-0.2519884/0/0/0/1
20#0.2222222#0.9551747/0.162042/-0.2477573/-0.757062/-0.0005032718/0.8377848/0.5460004/0.638077/0.2960424/-0.5214011/0.8003122/-0.2519758/0/0/0/1
21#0.2333333#0.9551814/0.1619685/-0.2477802/-0.7570765/-0.0004483909/0.8378246/0.5459391/0.6380832/0.2960214/-0.5213598/0.8003469/-0.2519995/0/0/0/1
22#0.2444444#0.9551589/0.1620627/-0.2478044/-0.7570808/-0.0005310028/0.837849/0.5459018/0.6380657/0.296093/-0.5212914/0.8003649/-0.2519952/0/0/0/1
23#0.2555556#0.9551763/0.1620319/-0.2477574/-0.7570744/-0.0005111768/0.8378143/0.5459551/0.6381177/0.2960368/-0.5213567/0.8003433/-0.2520154/0/0/0/1
24#0.2666667#0.9551549/0.1621562/-0.2477586/-0.7570803/-0.0006157234/0.8378074/0.5459654/0.6381205/0.2961057/-0.521329/0.8003358/-0.2519944/0/0/0/1
25#0.2777778#0.9551472/0.1621093/-0.247819/-0.7570655/-0.0005558282/0.8378354/0.5459228/0.6382008/0.2961306/-0.5212988/0.8003464/-0.2520232/0/0/0/1
26#0.2888889#0.9551472/0.1621093/-0.247819/-0.7570655/-0.0005558282/0.8378354/0.5459228/0.6382008/0.2961306/-0.5212988/0.8003464/-0.2520232/0/0/0/1
27#0.3#0.9551818/0.1620924/-0.2476971/-0.7570741/-0.0005963296/0.8378103/0.5459614/0.6381854/0.2960193/-0.5213447/0.8003576/-0.2520201/0/0/0/1
28#0.3111111#0.9551593/0.1620327/-0.2478228/-0.7570624/-0.0005263388/0.8379056/0.5458149/0.6382252/0.2960919/-0.5212098/0.8004186/-0.2520603/0/0/0/1
29#0.3222222#0.9551743/0.1618992/-0.2478524/-0.7570603/-0.0003551096/0.8378404/0.5459154/0.6382236/0.296044/-0.5213564/0.8003411/-0.2520549/0/0/0/1
30#0.3333333#0.9551551/0.1618984/-0.2479266/-0.7571113/-0.0003371686/0.8378845/0.5458474/0.6381707/0.2961057/-0.5212854/0.8003642/-0.2520478/0/0/0/1
31#0.3444445#0.9551129/0.1621179/-0.2479463/-0.7571254/-0.0004691929/0.8377978/0.5459806/0.6381716/0.2962421/-0.5213568/0.8002673/-0.252025/0/0/0/1
32#0.3555556#0.9551579/0.1620284/-0.2478312/-0.7570782/-0.0004958808/0.8378671/0.5458742/0.6381993/0.2960967/-0.521273/0.8003758/-0.2520245/0/0/0/1
33#0.3666667#0.9551472/0.162008/-0.2478856/-0.7570765/-0.0004529878/0.8378779/0.5458576/0.6382285/0.2961311/-0.5212621/0.8003701/-0.2519956/0/0/0/1
34#0.3777778#0.9551763/0.1619069/-0.2478395/-0.7570505/-0.0004000962/0.8378946/0.5458319/0.6382307/0.2960373/-0.5212666/0.8004017/-0.2520041/0/0/0/1
35#0.3888889#0.9551275/0.1619997/-0.2479667/-0.7570455/-0.0003781542/0.8378407/0.5459149/0.6382095/0.2961946/-0.5213247/0.8003058/-0.2519999/0/0/0/1
36#0.4#0.9551378/0.1621098/-0.247855/-0.7570512/-0.0006166548/0.8379779/0.5457037/0.6382149/0.296161/-0.5210695/0.8004844/-0.2520143/0/0/0/1
37#0.4111111#0.955174/0.162081/-0.2477346/-0.7570508/-0.0006182715/0.8379042/0.545817/0.6381601/0.2960444/-0.5211971/0.8004445/-0.2520289/0/0/0/1
38#0.4222222#0.955138/0.1620602/-0.2478876/-0.7570417/-0.0004549921/0.8378026/0.5459731/0.638146/0.2961614/-0.5213667/0.8002909/-0.2520082/0/0/0/1
39#0.4333333#0.9551384/0.1622013/-0.2477931/-0.7570684/-0.0006231815/0.8377858/0.5459988/0.6381245/0.2961592/-0.52135/0.8003024/-0.2520655/0/0/0/1
40#0.4444444#0.9551467/0.1621882/-0.2477694/-0.7570803/-0.0006588921/0.8378451/0.5459077/0.6381257/0.2961322/-0.5212587/0.8003719/-0.2520663/0/0/0/1
41#0.4555556#0.955181/0.1619295/-0.2478067/-0.7570531/-0.0004164502/0.8378554/0.5458921/0.6381602/0.2960222/-0.5213225/0.800371/-0.2521067/0/0/0/1
42#0.4666667#0.9551646/0.161983/-0.247835/-0.7570541/-0.000480324/0.8379136/0.5458026/0.6381744/0.296075/-0.5212123/0.8004231/-0.252099/0/0/0/1
43#0.4777778#0.9551244/0.1621665/-0.2478697/-0.7570822/-0.0005448163/0.8377785/0.5460098/0.6381304/0.2962044/-0.5213722/0.8002712/-0.2520646/0/0/0/1
44#0.4888889#0.9551188/0.1620806/-0.2479475/-0.7570744/-0.0004737973/0.8378648/0.5458778/0.638149/0.2962227/-0.5212609/0.800337/-0.2520528/0/0/0/1
45#0.5#0.955137/0.1620266/-0.2479125/-0.7570436/-0.000425905/0.8378286/0.5459332/0.6381506/0.2961639/-0.5213354/0.8003101/-0.2520716/0/0/0/1
46#0.5111111#0.9551244/0.1620855/-0.2479229/-0.7570655/-0.0004466176/0.8377844/0.546001/0.6381439/0.2962048/-0.5213881/0.8002606/-0.2520254/0/0/0/1
47#0.5222222#0.9551244/0.1620855/-0.2479229/-0.7570655/-0.0004466176/0.8377844/0.546001/0.6381439/0.2962048/-0.5213881/0.8002606/-0.2520254/0/0/0/1
48#0.5333334#0.9551244/0.1620855/-0.2479229/-0.7570655/-0.0004466176/0.8377844/0.546001/0.6381439/0.2962048/-0.5213881/0.8002606/-0.2520254/0/0/0/1
49#0.5444444#0.9551244/0.1620855/-0.2479229/-0.7570655/-0.0004466176/0.8377844/0.546001/0.6381439/0.2962048/-0.5213881/0.8002606/-0.2520254/0/0/0/1
50#0.5555556#0.9551244/0.1620855/-0.2479229/-0.7570655/-0.0004466176/0.8377844/0.546001/0.6381439/0.2962048/-0.5213881/0.8002606/-0.2520254/0/0/0/1
51#0.5666667#0.9551244/0.1620855/-0.2479229/-0.7570655/-0.0004466176/0.8377844/0.546001/0.6381439/0.2962048/-0.5213881/0.8002606/-0.2520254/0/0/0/1
52#0.5777778#0.9551244/0.1620855/-0.2479229/-0.7570655/-0.0004466176/0.8377844/0.546001/0.6381439/0.2962048/-0.5213881/0.8002606/-0.2520254/0/0/0/1
53#0.5888889#0.9551244/0.1620855/-0.2479229/-0.7570655/-0.0004466176/0.8377844/0.546001/0.6381439/0.2962048/-0.5213881/0.8002606/-0.2520254/0/0/0/1
54#0.6#0.9551244/0.1620855/-0.2479229/-0.7570655/-0.0004466176/0.8377844/0.546001/0.6381439/0.2962048/-0.5213881/0.8002606/-0.2520254/0/0/0/1
55#0.6111111#0.9551244/0.1620855/-0.2479229/-0.7570655/-0.0004466176/0.8377844/0.546001/0.6381439/0.2962048/-0.5213881/0.8002606/-0.2520254/0/0/0/1
56#0.6222222#0.9551244/0.1620855/-0.2479229/-0.7570655/-0.0004466176/0.8377844/0.546001/0.6381439/0.2962048/-0.5213881/0.8002606/-0.2520254/0/0/0/1
57#0.6333333#0.9551244/0.1620855/-0.2479229/-0.7570655/-0.0004466176/0.8377844/0.546001/0.6381439/0.2962048/-0.5213881/0.8002606/-0.2520254/0/0/0/1
58#0.6444445#0.9551244/0.1620855/-0.2479229/-0.7570655/-0.0004466176/0.8377844/0.546001/0.6381439/0.2962048/-0.5213881/0.8002606/-0.2520254/0/0/0/1
59#0.6555555#0.9551244/0.1620855/-0.2479229/-0.7570655/-0.0004466176/0.8377844/0.546001/0.6381439/0.2962048/-0.5213881/0.8002606/-0.2520254/0/0/0/1
60#0.6666667#0.9551244/0.1620855/-0.2479229/-0.7570655/-0.0004466176/0.8377844/0.546001/0.6381439/0.2962048/-0.5213881/0.8002606/-0.2520254/0/0/0/1
61#0.6777778#0.9551244/0.1620855/-0.2479229/-0.7570655/-0.0004466176/0.8377844/0.546001/0.6381439/0.2962048/-0.5213881/0.8002606/-0.2520254/0/0/0/1
62#0.6888889#0.9551244/0.1620855/-0.2479229/-0.7570655/-0.0004466176/0.8377844/0.546001/0.6381439/0.2962048/-0.5213881/0.8002606/-0.2520254/0/0/0/1
63#0.7#0.9551647/0.161804/-0.2479512/-0.7571144/-0.0002900362/0.837972/0.5457132/0.6380023/0.2960747/-0.5211741/0.8004484/-0.252069/0/0/0/1
64#0.7111111#0.9551681/0.1619151/-0.2478659/-0.7570798/-0.0004048124/0.8379169/0.545798/0.6380488/0.2960639/-0.5212286/0.8004168/-0.2520785/0/0/0/1
65#0.7222223#0.9551178/0.1619333/-0.2480474/-0.7570746/-0.0003017857/0.8378897/0.5458395/0.6380507/0.2962259/-0.5212662/0.8003323/-0.2520794/0/0/0/1
66#0.7333333#0.9551725/0.1618188/-0.2479115/-0.7570446/-0.0002580509/0.8378529/0.5458961/0.6381071/0.2960496/-0.521361/0.8003359/-0.2520685/0/0/0/1
67#0.7444445#0.9551855/0.1618373/-0.2478493/-0.7570446/-0.0003573298/0.8379364/0.5457675/0.6381121/0.2960075/-0.5212206/0.8004427/-0.2520914/0/0/0/1
68#0.7555556#0.9551939/0.1617607/-0.247867/-0.7570598/-0.0002600327/0.8379016/0.5458215/0.6381027/0.2959806/-0.521301/0.8004006/-0.252064/0/0/0/1
69#0.7666667#0.9551463/0.1619204/-0.2479464/-0.7570777/-0.0003892407/0.837962/0.5457283/0.6380712/0.2961342/-0.5211537/0.8004394/-0.2520447/0/0/0/1
70#0.7777778#0.9551486/0.1619466/-0.2479203/-0.7570741/-0.0003807098/0.8378804/0.5458539/0.6380622/0.2961267/-0.5212772/0.8003619/-0.2520459/0/0/0/1
71#0.7888889#0.9551297/0.1619199/-0.2480104/-0.7570813/-0.0003298596/0.8379226/0.545789/0.6380904/0.2961876/-0.5212174/0.8003784/-0.2520567/0/0/0/1
72#0.8#0.95516/0.1618665/-0.2479292/-0.7570987/-0.000299044/0.8378693/0.5458711/0.6380906/0.2960905/-0.5213201/0.8003474/-0.2520609/0/0/0/1
73#0.8111112#0.9551695/0.1618098/-0.2479296/-0.7570951/-0.0002844408/0.8379315/0.5457753/0.6381549/0.2960598/-0.5212374/0.8004125/-0.2520701/0/0/0/1
74#0.8222222#0.9551437/0.1620167/-0.2478932/-0.7571089/-0.0004593581/0.8378835/0.5458491/0.6381619/0.2961423/-0.5212506/0.8003734/-0.2520725/0/0/0/1
75#0.8333334#0.9551461/0.161872/-0.2479784/-0.7571144/-0.0002811179/0.8378786/0.5458564/0.6381403/0.2961347/-0.521303/0.8003421/-0.2520748/0/0/0/1
76#0.8444445#0.9551138/0.1619287/-0.2480655/-0.7571189/-0.0002687499/0.8378571/0.5458894/0.6381433/0.2962386/-0.52132/0.8002924/-0.2520761/0/0/0/1
77#0.8555556#0.9551319/0.1619289/-0.247996/-0.7571185/-0.0002983585/0.8378389/0.5459174/0.6381606/0.2961805/-0.5213493/0.8002949/-0.2520486/0/0/0/1
78#0.8666667#0.9551583/0.1619712/-0.2478669/-0.7571392/-0.0004348233/0.8378841/0.5458483/0.638175/0.2960954/-0.5212638/0.8003822/-0.2520566/0/0/0/1
79#0.8777778#0.9551581/0.1618173/-0.2479686/-0.7571635/-0.0002764017/0.837945/0.5457546/0.6381639/0.2960967/-0.5212133/0.8004146/-0.2520444/0/0/0/1
80#0.8888889#0.9551644/0.1617814/-0.2479671/-0.7571695/-0.0002277568/0.8379134/0.5458032/0.638162/0.2960757/-0.5212753/0.8003819/-0.2520292/0/0/0/1
81#0.9#0.9551761/0.1617915/-0.2479161/-0.7572243/-0.0002928227/0.837961/0.5457301/0.6381088/0.2960385/-0.5211955/0.8004476/-0.2520066/0/0/0/1
82#0.9111111#0.9551495/0.1616971/-0.2480797/-0.7571599/-0.0001388863/0.8380002/0.5456699/0.6381526/0.2961241/-0.5211619/0.8004379/-0.2519984/0/0/0/1
83#0.9222223#0.9551222/0.1619306/-0.2480328/-0.7571776/-0.0003639832/0.8379888/0.5456874/0.6381432/0.2962122/-0.5211077/0.8004405/-0.2520021/0/0/0/1
84#0.9333333#0.9551642/0.1617924/-0.2479609/-0.7571528/-0.0002467781/0.8379236/0.5457875/0.6381345/0.2960766/-0.5212554/0.8003945/-0.2519931/0/0/0/1
85#0.9444445#0.9551466/0.1617136/-0.2480802/-0.7571502/-0.0001673624/0.8380256/0.545631/0.6381555/0.2961335/-0.5211162/0.8004642/-0.252/0/0/0/1
86#0.9555556#0.9551401/0.1617973/-0.2480507/-0.7571766/-0.0001870841/0.8379013/0.5458218/0.6381196/0.2961544/-0.5212898/0.8003433/-0.2519909/0/0/0/1
87#0.9666667#0.9551622/0.1619538/-0.2478631/-0.7571745/-0.0004056171/0.8378555/0.5458921/0.6380823/0.2960827/-0.5213149/0.8003535/-0.2519977/0/0/0/1
88#0.9777778#0.9551551/0.1617339/-0.2480341/-0.7571747/-0.000184007/0.8379771/0.5457054/0.6380825/0.296106/-0.5211876/0.8004279/-0.252/0/0/0/1
89#0.9888889#0.9551567/0.1618419/-0.2479573/-0.7571037/-0.0003187582/0.8379701/0.5457159/0.6381227/0.2961006/-0.5211651/0.8004444/-0.2520239/0/0/0/1
90#1#0.9551684/0.1617163/-0.2479944/-0.7570958/-0.0001604632/0.8379229/0.5457885/0.6381307/0.2960631/-0.5212802/0.8003832/-0.2520158/0/0/0/1
91#1.011111#0.9551783/0.161854/-0.2478659/-0.7570877/-0.0003989562/0.8380009/0.5456687/0.6381595/0.2960305/-0.5211121/0.8005049/-0.2520688/0/0/0/1
92#1.022222#0.955119/0.1618364/-0.2481061/-0.7570684/-0.0002029464/0.8379247/0.5457862/0.6381532/0.2962222/-0.5212404/0.8003507/-0.2520564/0/0/0/1
93#1.033333#0.9551392/0.1619241/-0.247971/-0.7570972/-0.0003264248/0.8378705/0.5458689/0.6381203/0.296157/-0.5212999/0.8003359/-0.2520181/0/0/0/1
94#1.044444#0.9551864/0.1616548/-0.2479649/-0.7570903/-0.0001305863/0.8379356/0.5457691/0.6381223/0.2960048/-0.5212789/0.8004059/-0.2520137/0/0/0/1
95#1.055556#0.9551157/0.1618491/-0.2481113/-0.7571504/-0.0002281964/0.8379546/0.5457399/0.6380403/0.2962335/-0.5211881/0.8003803/-0.2519386/0/0/0/1
96#1.066667#0.9551592/0.1617854/-0.2479847/-0.7571638/-0.0002214462/0.837914/0.5458024/0.6380168/0.2960927/-0.5212734/0.8003768/-0.2519637/0/0/0/1
97#1.077778#0.9551243/0.1618917/-0.2480496/-0.7571661/-0.0002914294/0.837938/0.5457655/0.6380031/0.296205/-0.5212016/0.8003821/-0.2519594/0/0/0/1
98#1.088889#0.9551594/0.161745/-0.2480103/-0.7571957/-0.0001748726/0.8379202/0.545793/0.6380197/0.2960921/-0.521276/0.8003755/-0.251961/0/0/0/1
99#1.1#0.9551282/0.1619015/-0.2480282/-0.7571962/-0.0003337935/0.837976/0.5457072/0.638018/0.2961925/-0.5211376/0.8004286/-0.2519684/0/0/0/1
100#1.111111#0.9551353/0.1618287/-0.2480483/-0.7572005/-0.0002378076/0.8379396/0.545763/0.6380026/0.2961695/-0.5212184/0.8003844/-0.2519704/0/0/0/1
101#1.122222#0.9551194/0.1618507/-0.2480955/-0.7572083/-0.0001800656/0.8378515/0.5458981/0.6379839/0.2962211/-0.5213532/0.8002774/-0.2519598/0/0/0/1
102#1.133333#0.9551364/0.1619763/-0.2479477/-0.7573624/-0.0004059374/0.8379066/0.5458137/0.6379371/0.2961658/-0.521226/0.8003808/-0.2519119/0/0/0/1
103#1.144444#0.9551309/0.1618987/-0.2480197/-0.7573726/-0.0003393441/0.8379815/0.5456984/0.637939/0.2961838/-0.5211293/0.8004369/-0.2519112/0/0/0/1
104#1.155556#0.955111/0.1618523/-0.2481265/-0.7572968/-0.0002445802/0.8379937/0.5456799/0.6380099/0.296248/-0.5211242/0.8004166/-0.2519749/0/0/0/1
105#1.166667#0.9550866/0.1620671/-0.2480804/-0.7573154/-0.0004042014/0.8378967/0.5458289/0.6379918/0.2963266/-0.5212137/0.8003293/-0.251967/0/0/0/1
106#1.177778#0.9551017/0.1619128/-0.248123/-0.7572482/-0.0002880469/0.8379735/0.5457111/0.6379923/0.2962781/-0.5211382/0.8003964/-0.2520034/0/0/0/1
107#1.188889#0.9551299/0.1619033/-0.2480205/-0.7572777/-0.0002815276/0.8378734/0.5458645/0.6379727/0.2961871/-0.5213017/0.8003235/-0.2519195/0/0/0/1
108#1.2#0.9551156/0.1617756/-0.248159/-0.757273/-0.000120081/0.837926/0.5457839/0.6379684/0.2962334/-0.5212571/0.8003354/-0.2519263/0/0/0/1
109#1.211111#0.9551008/0.1618144/-0.2481904/-0.7572696/-0.0001747906/0.8379937/0.5456797/0.6379466/0.2962809/-0.5211359/0.8003967/-0.2519269/0/0/0/1
110#1.222222#0.9551096/0.1618537/-0.2481308/-0.7572753/-0.0001986399/0.8379153/0.5458005/0.637929/0.2962524/-0.5212501/0.800333/-0.2519214/0/0/0/1
111#1.233333#0.9551107/0.1617772/-0.2481767/-0.7571995/-0.0001183674/0.8379381/0.5457652/0.6379666/0.2962492/-0.5212368/0.8003427/-0.2519596/0/0/0/1
112#1.244444#0.9551142/0.161974/-0.2480347/-0.7572184/-0.0003563464/0.8379102/0.545808/0.6379542/0.2962375/-0.5212206/0.8003577/-0.2519672/0/0/0/1
113#1.255556#0.9551465/0.1619309/-0.2479386/-0.7571986/-0.0003780723/0.8379183/0.5457954/0.638009/0.2961335/-0.5212208/0.8003959/-0.251982/0/0/0/1
114#1.266667#0.9551355/0.1618312/-0.248046/-0.7572544/-0.0002729967/0.8379954/0.5456773/0.6379684/0.296169/-0.5211281/0.8004433/-0.2519329/0/0/0/1
115#1.277778#0.9550851/0.1619065/-0.248191/-0.7572391/-0.0002196804/0.837931/0.5457761/0.6379695/0.2963316/-0.5212081/0.800331/-0.2519209/0/0/0/1
116#1.288889#0.9551406/0.16199/-0.2479229/-0.7572503/-0.0003940687/0.8378394/0.5459166/0.6380125/0.2961526/-0.5213295/0.8003182/-0.2519259/0/0/0/1
117#1.3#0.9551176/0.1618167/-0.2481244/-0.7572396/-0.0002292618/0.8380196/0.54564/0.6380303/0.2962268/-0.5210935/0.8004443/-0.2519267/0/0/0/1
118#1.311111#0.9551104/0.1618794/-0.2481108/-0.7572739/-0.0002233013/0.8378987/0.5458257/0.6380224/0.2962496/-0.5212684/0.8003221/-0.2519147/0/0/0/1
119#1.322222#0.9551277/0.1617706/-0.2481156/-0.7572603/-0.0001278743/0.8379034/0.5458186/0.6380312/0.2961943/-0.5212947/0.8003256/-0.2519178/0/0/0/1
120#1.333333#0.9551675/0.1616408/-0.248047/-0.7571826/-0.0001016185/0.8379889/0.5456874/0.6380708/0.2960659/-0.5211976/0.8004361/-0.2519491/0/0/0/1
121#1.344445#0.9551521/0.1618123/-0.2479944/-0.7571802/-0.0002298653/0.8378968/0.5458286/0.6380559/0.2961155/-0.5212924/0.800356/-0.2519408/0/0/0/1
122#1.355556#0.9551365/0.1616907/-0.2481337/-0.7572768/-4.664063E-05/0.8379021/0.5458204/0.637951/0.2961659/-0.5213214/0.8003186/-0.2518805/0/0/0/1
123#1.366667#0.9551299/0.1617687/-0.2481083/-0.7573309/-0.0001823604/0.8379952/0.5456776/0.6378939/0.2961871/-0.5211478/0.8004237/-0.2518661/0/0/0/1
124#1.377778#0.9551158/0.1618313/-0.2481219/-0.7573402/-0.0002042204/0.8379506/0.545746/0.6378753/0.2962327/-0.5212/0.8003728/-0.251852/0/0/0/1
125#1.388889#0.9550825/0.1618411/-0.2482436/-0.7573023/-0.0001788214/0.8380131/0.5456505/0.6379378/0.29634/-0.5210968/0.8004006/-0.2518816/0/0/0/1
126#1.4#0.9550991/0.1618384/-0.2481811/-0.7573106/-0.0002012551/0.837994/0.5456796/0.6379187/0.2962862/-0.5211283/0.8003997/-0.2518802/0/0/0/1
127#1.411111#0.955097/0.1617661/-0.2482374/-0.7574425/-8.860231E-05/0.8379639/0.5457256/0.6378917/0.2962939/-0.5211987/0.800351/-0.2518568/0/0/0/1
128#1.422222#0.9550661/0.1618397/-0.2483075/-0.7574811/-0.0001115501/0.8379611/0.5457299/0.6378707/0.2963928/-0.5211805/0.8003263/-0.2518227/0/0/0/1
129#1.433333#0.9550661/0.1618397/-0.2483075/-0.7574811/-0.0001115501/0.8379611/0.5457299/0.6378707/0.2963928/-0.5211805/0.8003263/-0.2518227/0/0/0/1
130#1.444445#0.9550732/0.1617565/-0.2483343/-0.7574842/-4.009902E-05/0.8379908/0.5456843/0.6378659/0.2963698/-0.5211586/0.8003491/-0.2518253/0/0/0/1
131#1.455556#0.9551016/0.1617943/-0.2482005/-0.7574213/-0.0001406223/0.8379748/0.545709/0.6378123/0.2962783/-0.5211726/0.8003738/-0.2518444/0/0/0/1
132#1.466667#0.9551085/0.1617773/-0.2481847/-0.7574308/-0.0001270696/0.8379612/0.5457298/0.6377971/0.2962559/-0.5211998/0.8003645/-0.251842/0/0/0/1
133#1.477778#0.9551473/0.1617844/-0.2480319/-0.7572272/-0.00020881/0.8379405/0.5457617/0.6378928/0.2961317/-0.5212309/0.8003904/-0.2519124/0/0/0/1
134#1.488889#0.9551273/0.1619015/-0.2480317/-0.7572536/-0.0002778396/0.8378807/0.5458531/0.6379503/0.2961955/-0.5212902/0.8003279/-0.2519479/0/0/0/1
135#1.5#0.9551376/0.1618036/-0.248056/-0.7571409/-0.0001648441/0.8378578/0.5458887/0.6380169/0.2961624/-0.521358/0.8002961/-0.2519878/0/0/0/1
136#1.511111#0.9551299/0.1618764/-0.2480382/-0.7571244/-0.0002327859/0.8378471/0.5459048/0.6380074/0.2961873/-0.5213522/0.8002904/-0.2519989/0/0/0/1
137#1.522222#0.9551242/0.1618277/-0.2480916/-0.7572262/-0.0001911893/0.8379027/0.5458199/0.6380092/0.2962053/-0.5212784/0.8003322/-0.2519274/0/0/0/1
138#1.533333#0.9551171/0.1617637/-0.2481606/-0.757359/-8.077174E-05/0.8378766/0.5458598/0.6378696/0.2962282/-0.52134/0.8002834/-0.2518402/0/0/0/1
139#1.544444#0.9550552/0.1618696/-0.2483299/-0.7573636/-0.000108026/0.8379313/0.5457758/0.6378596/0.2964278/-0.5212191/0.8002881/-0.2518203/0/0/0/1
140#1.555556#0.9551202/0.1617803/-0.2481381/-0.7573516/-0.0001100451/0.8378798/0.5458546/0.6378686/0.2962185/-0.5213293/0.8002939/-0.2518475/0/0/0/1
141#1.566667#0.9551316/0.161733/-0.2481251/-0.7573602/-4.628301E-05/0.8378277/0.5459351/0.6378512/0.2961818/-0.5214284/0.8002431/-0.2518435/0/0/0/1
142#1.577778#0.9551685/0.1616226/-0.248055/-0.7572365/-4.925579E-05/0.8379326/0.5457739/0.6380262/0.2960627/-0.5212937/0.800375/-0.2519497/0/0/0/1
143#1.588889#0.9551525/0.1616942/-0.2480701/-0.7572324/-3.062189E-05/0.8378047/0.5459702/0.6380132/0.2961145/-0.5214773/0.800236/-0.2519338/0/0/0/1
144#1.6#0.9550763/0.1618098/-0.2482879/-0.7573743/-8.66279E-05/0.8379439/0.5457565/0.6379176/0.2963601/-0.5212178/0.8003141/-0.2518563/0/0/0/1
145#1.611111#0.9550854/0.1617036/-0.2483221/-0.7574632/7.614493E-06/0.8379763/0.5457068/0.6378232/0.2963307/-0.5211984/0.8003378/-0.2518065/0/0/0/1
146#1.622222#0.9550854/0.1617036/-0.2483221/-0.7574632/7.614493E-06/0.8379763/0.5457068/0.6378232/0.2963307/-0.5211984/0.8003378/-0.2518065/0/0/0/1
147#1.633333#0.9551156/0.1615746/-0.2482895/-0.7576914/9.766965E-05/0.8379841/0.5456947/0.6377484/0.296233/-0.5212258/0.8003561/-0.2517104/0/0/0/1
148#1.644444#0.9550876/0.1616971/-0.2483175/-0.7577286/3.816187E-05/0.8379278/0.5457813/0.6377133/0.2963233/-0.5212784/0.8002884/-0.2516794/0/0/0/1
149#1.655556#0.9551162/0.1616204/-0.2482577/-0.7579668/5.06565E-05/0.8379644/0.5457253/0.6376708/0.2962314/-0.5212436/0.8003452/-0.2515998/0/0/0/1
150#1.666667#0.9551162/0.1616204/-0.2482577/-0.7579668/5.06565E-05/0.8379644/0.5457253/0.6376708/0.2962314/-0.5212436/0.8003452/-0.2515998/0/0/0/1
151#1.677778#0.9550712/0.1617436/-0.2483511/-0.7582362/2.372265E-05/0.8379151/0.5458004/0.6375628/0.2963769/-0.521284/0.8002647/-0.2514708/0/0/0/1
152#1.688889#0.9551256/0.161682/-0.2481822/-0.7583203/-3.531576E-05/0.8379446/0.5457556/0.6375216/0.2962017/-0.5212563/0.8003479/-0.2514105/0/0/0/1
153#1.7#0.9551256/0.161682/-0.2481822/-0.7583203/-3.531576E-05/0.8379446/0.5457556/0.6375216/0.2962017/-0.5212563/0.8003479/-0.2514105/0/0/0/1
154#1.711111#0.9550683/0.1618393/-0.2482991/-0.7583983/-0.0001026392/0.8379379/0.5457657/0.6375695/0.2963856/-0.5212182/0.8003043/-0.2513644/0/0/0/1
155#1.722222#0.9550835/0.1617489/-0.2482999/-0.7584693/-2.807379E-05/0.8379467/0.545752/0.6374578/0.2963369/-0.5212318/0.8003136/-0.2512724/0/0/0/1
156#1.733333#0.9551119/0.1617551/-0.2481864/-0.7585604/-5.537271E-05/0.837871/0.545868/0.637399/0.2962451/-0.5213513/0.8002696/-0.251215/0/0/0/1
157#1.744444#0.9551119/0.1617551/-0.2481864/-0.7585604/-5.537271E-05/0.837871/0.545868/0.637399/0.2962451/-0.5213513/0.8002696/-0.251215/0/0/0/1
158#1.755556#0.9551076/0.1616688/-0.2482594/-0.7586379/4.077703E-05/0.8379086/0.5458106/0.6373426/0.2962592/-0.521318/0.8002862/-0.2511854/0/0/0/1
159#1.766667#0.955152/0.1617423/-0.2480405/-0.758466/-0.0001677275/0.837942/0.5457594/0.6373235/0.2961159/-0.5212418/0.8003889/-0.2512487/0/0/0/1
160#1.777778#0.955121/0.1617884/-0.2481296/-0.7585132/-8.498877E-05/0.8378147/0.5459548/0.637301/0.2962158/-0.5214317/0.8002281/-0.2512116/0/0/0/1
161#1.788889#0.9551562/0.161726/-0.2480355/-0.7582958/-6.758422E-05/0.8377857/0.5459991/0.6374133/0.2961029/-0.5214975/0.8002271/-0.2513264/0/0/0/1
162#1.8#0.9551606/0.1616009/-0.2480995/-0.758321/2.985448E-05/0.8378718/0.545867/0.6373979/0.2960882/-0.5213982/0.8002971/-0.2513311/0/0/0/1
163#1.811111#0.9552213/0.1616604/-0.2478269/-0.7583241/-0.0001347512/0.8377953/0.5459844/0.6373849/0.2958923/-0.5215026/0.8003017/-0.251348/0/0/0/1
164#1.822222#0.9551594/0.1616317/-0.2480842/-0.758328/-1.759082E-05/0.8378925/0.5458356/0.6373794/0.2960921/-0.5213556/0.8003237/-0.2513379/0/0/0/1
165#1.833333#0.9551717/0.1616949/-0.2479956/-0.7583873/-6.962568E-05/0.8377971/0.5459816/0.6373075/0.2960524/-0.5214888/0.8002514/-0.2512908/0/0/0/1
166#1.844445#0.9551761/0.1617262/-0.2479581/-0.7584875/-0.0001152009/0.8377913/0.5459905/0.6372799/0.2960382/-0.5214885/0.8002568/-0.2512462/0/0/0/1
167#1.855556#0.9551801/0.1616755/-0.2479758/-0.7585208/-6.975979E-05/0.8378075/0.5459656/0.6372622/0.2960253/-0.5214783/0.8002683/-0.251236/0/0/0/1
168#1.866667#0.9552026/0.1616751/-0.2478893/-0.758492/-0.0001217946/0.8378125/0.5459578/0.6372938/0.2959526/-0.5214702/0.8003004/-0.2512496/0/0/0/1
169#1.877778#0.9552186/0.1616435/-0.247849/-0.7585297/-9.21786E-05/0.8377687/0.5460252/0.6372951/0.2959017/-0.5215505/0.8002669/-0.251233/0/0/0/1
170#1.888889#0.955228/0.1615029/-0.2479045/-0.7584455/6.686152E-05/0.8377617/0.5460361/0.6373192/0.2958713/-0.5216054/0.8002426/-0.2512457/0/0/0/1
171#1.9#0.9552277/0.1617259/-0.2477596/-0.7584903/-0.0001900494/0.8377236/0.5460944/0.6373006/0.2958717/-0.5215973/0.8002476/-0.2512429/0/0/0/1
172#1.911111#0.9552746/0.1615388/-0.2477011/-0.7583821/-6.697328E-05/0.837737/0.5460739/0.6373372/0.2957206/-0.5216339/0.8002796/-0.251254/0/0/0/1
173#1.922222#0.955221/0.1617259/-0.247785/-0.7583196/-0.0002029538/0.8377721/0.54602/0.6372986/0.2958929/-0.5215196/0.8002903/-0.2512392/0/0/0/1
174#1.933333#0.95529/0.161528/-0.2476484/-0.7583282/-7.799268E-05/0.8377203/0.5460997/0.6372935/0.2956704/-0.5216644/0.8002783/-0.2512429/0/0/0/1
175#1.944445#0.95529/0.161528/-0.2476484/-0.7583282/-7.799268E-05/0.8377203/0.5460997/0.6372935/0.2956704/-0.5216644/0.8002783/-0.2512429/0/0/0/1
176#1.955556#0.9552822/0.1616381/-0.2476067/-0.7582257/-0.0001422614/0.8376211/0.5462517/0.6373465/0.2956957/-0.5217893/0.8001875/-0.2512469/0/0/0/1
177#1.966667#0.955264/0.1616584/-0.2476638/-0.758178/-0.0001600459/0.8376788/0.5461634/0.6373816/0.2957545/-0.5216907/0.8002301/-0.2512841/0/0/0/1
178#1.977778#0.9553099/0.1614677/-0.2476108/-0.7581708/-5.795061E-05/0.8377401/0.5460692/0.6374018/0.295606/-0.5216509/0.800311/-0.2512871/0/0/0/1
179#1.988889#0.9553523/0.1614235/-0.2474761/-0.7581649/-0.0001130551/0.8377698/0.5460236/0.6373724/0.295469/-0.5216169/0.8003836/-0.2513249/0/0/0/1
180#2#0.9553151/0.1615231/-0.2475548/-0.7581651/-9.11057E-05/0.8376566/0.5461975/0.637398/0.2955894/-0.5217682/0.8002406/-0.2513318/0/0/0/1
181#2.011111#0.9553051/0.161513/-0.2475999/-0.7581241/-2.741814E-05/0.8376051/0.5462762/0.6374106/0.2956216/-0.5218536/0.8001729/-0.2513382/0/0/0/1
182#2.022222#0.955335/0.1613426/-0.2475959/-0.7580757/5.336106E-05/0.8377222/0.5460965/0.6374584/0.2955252/-0.5217183/0.8002967/-0.2513863/0/0/0/1
183#2.033333#0.9552907/0.1614272/-0.2477117/-0.7580528/5.287677E-05/0.8377089/0.5461171/0.63747/0.2956684/-0.5217136/0.8002471/-0.2513921/0/0/0/1
184#2.044445#0.9552905/0.1615196/-0.247652/-0.7581704/-1.420081E-05/0.8376241/0.5462471/0.6373432/0.2956689/-0.5218211/0.8001766/-0.2513142/0/0/0/1
185#2.055556#0.9553371/0.1614526/-0.2475158/-0.7581737/-8.051097E-05/0.8377075/0.5461192/0.6373529/0.2955182/-0.521708/0.8003061/-0.2513254/0/0/0/1
186#2.066667#0.955318/0.1614395/-0.247598/-0.7581775/1.750886E-05/0.8376377/0.5462263/0.6373104/0.2955799/-0.5218242/0.8002075/-0.2512866/0/0/0/1
187#2.077778#0.9552703/0.1614164/-0.2477969/-0.7581503/7.681549E-05/0.8377695/0.546024/0.6373167/0.2957339/-0.5216196/0.8002839/-0.2512946/0/0/0/1
188#2.088889#0.9553022/0.1613164/-0.2477392/-0.7581301/0.0001698136/0.8377017/0.5461279/0.6373693/0.2956309/-0.5217592/0.800231/-0.2513539/0/0/0/1
189#2.1#0.9552899/0.1614826/-0.2476783/-0.7581546/3.285706E-06/0.8376769/0.5461659/0.6374413/0.2956707/-0.5217475/0.8002239/-0.2513919/0/0/0/1
190#2.111111#0.9553187/0.161478/-0.24757/-0.758096/-3.428757E-05/0.8376412/0.5462207/0.6374941/0.2955775/-0.5218065/0.8002198/-0.2514293/0/0/0/1
191#2.122222#0.9553187/0.161478/-0.24757/-0.758096/-3.428757E-05/0.8376412/0.5462207/0.6374941/0.2955775/-0.5218065/0.8002198/-0.2514293/0/0/0/1
192#2.133333#0.9552721/0.161403/-0.2477991/-0.758167/0.0001386851/0.8376834/0.5461563/0.6374128/0.2957284/-0.5217624/0.800193/-0.2514093/0/0/0/1
193#2.144444#0.9552721/0.161403/-0.2477991/-0.758167/0.0001386851/0.8376834/0.5461563/0.6374128/0.2957284/-0.5217624/0.800193/-0.2514093/0/0/0/1
194#2.155556#0.9552578/0.1613669/-0.2478774/-0.7582302/0.0001872778/0.8377323/0.5460811/0.6372942/0.2957743/-0.5216947/0.8002201/-0.2513504/0/0/0/1
195#2.166667#0.9552578/0.1613669/-0.2478774/-0.7582302/0.0001872778/0.8377323/0.5460811/0.6372942/0.2957743/-0.5216947/0.8002201/-0.2513504/0/0/0/1
196#2.177778#0.9553155/0.1612892/-0.2477056/-0.7582803/0.0001917854/0.8376711/0.5461749/0.6372647/0.295588/-0.5218169/0.8002093/-0.2513404/0/0/0/1
197#2.188889#0.9553155/0.1612892/-0.2477056/-0.7582803/0.0001917854/0.8376711/0.5461749/0.6372647/0.295588/-0.5218169/0.8002093/-0.2513404/0/0/0/1
198#2.2#0.955304/0.161246/-0.2477782/-0.7581165/0.0002126247/0.8377745/0.5460162/0.6373899/0.2956253/-0.5216641/0.800295/-0.2514286/0/0/0/1
199#2.211111#0.9552792/0.1613119/-0.2478304/-0.758122/0.0001959354/0.8377545/0.5460469/0.6374367/0.2957049/-0.5216758/0.800258/-0.2514503/0/0/0/1
200#2.222222#0.955295/0.1613829/-0.2477235/-0.7580647/0.000115402/0.8376793/0.5461627/0.6374506/0.2956541/-0.5217752/0.8002121/-0.2514601/0/0/0/1
201#2.233333#0.9552672/0.1612391/-0.2479245/-0.7581336/0.0003161058/0.8377503/0.5460536/0.637374/0.295744/-0.5217054/0.8002245/-0.2514014/0/0/0/1
202#2.244445#0.9552703/0.1612987/-0.2478736/-0.7581868/0.0002307892/0.8377571/0.5460429/0.6372963/0.2957339/-0.5216758/0.8002474/-0.2513152/0/0/0/1
203#2.255556#0.9552888/0.161251/-0.2478335/-0.7581878/0.0002386421/0.8377768/0.5460129/0.6372924/0.2956743/-0.5216593/0.8002802/-0.2513137/0/0/0/1
204#2.266667#0.955283/0.1613414/-0.2477971/-0.7581487/9.932369E-05/0.8378458/0.5459068/0.6373695/0.2956931/-0.52152/0.8003639/-0.2513497/0/0/0/1
205#2.277778#0.955299/0.161281/-0.2477747/-0.7581398/0.0001377612/0.837849/0.545902/0.637369/0.2956414/-0.5215337/0.8003741/-0.2513447/0/0/0/1
206#2.288889#0.9553306/0.1612936/-0.2476446/-0.7580457/9.217858E-05/0.8377787/0.5460098/0.6374537/0.2955393/-0.5216427/0.8003408/-0.251399/0/0/0/1
207#2.3#0.9553213/0.161364/-0.2476346/-0.7580228/4.439801E-05/0.8377439/0.5460631/0.6374514/0.2955694/-0.5216767/0.8003075/-0.2513907/0/0/0/1
208#2.311111#0.9552879/0.161294/-0.2478091/-0.758074/0.0001861379/0.8377782/0.5460109/0.6374234/0.2956772/-0.5216436/0.8002894/-0.251375/0/0/0/1
209#2.322222#0.9552919/0.1613688/-0.2477449/-0.7581506/8.121133E-05/0.837783/0.5460036/0.6373272/0.2956644/-0.521613/0.800314/-0.2512972/0/0/0/1
210#2.333333#0.9552679/0.16143/-0.2477974/-0.7581465/4.135817E-05/0.8378114/0.5459596/0.6373365/0.2957418/-0.5215479/0.8003278/-0.251292/0/0/0/1
211#2.344445#0.9552526/0.1613804/-0.2478887/-0.7580822/0.0001592636/0.8377724/0.5460197/0.6373757/0.2957911/-0.5216264/0.8002585/-0.2513335/0/0/0/1
212#2.355556#0.9552698/0.161255/-0.2479043/-0.7580726/0.0002621636/0.8378003/0.5459767/0.637386/0.2957358/-0.5216199/0.800283/-0.251338/0/0/0/1
213#2.366667#0.9552932/0.1612196/-0.2478376/-0.758059/0.0002910123/0.8377369/0.546074/0.6374475/0.2956606/-0.5217326/0.8002375/-0.251386/0/0/0/1
214#2.377778#0.9552998/0.161296/-0.2477618/-0.7580559/0.0001684725/0.8377585/0.5460409/0.6374468/0.2956388/-0.5216745/0.8002834/-0.2513965/0/0/0/1
215#2.388889#0.9552886/0.1612274/-0.2478491/-0.758064/0.0002470314/0.8378142/0.5459554/0.6374595/0.2956744/-0.5216063/0.8003147/-0.2514024/0/0/0/1
216#2.4#0.955303/0.1611809/-0.2478243/-0.7580578/0.0003074482/0.8377544/0.5460469/0.6374469/0.2956282/-0.5217164/0.8002598/-0.2514036/0/0/0/1
217#2.411111#0.955303/0.1611809/-0.2478243/-0.7580578/0.0003074482/0.8377544/0.5460469/0.6374469/0.2956282/-0.5217164/0.8002598/-0.2514036/0/0/0/1
218#2.422222#0.9552975/0.1611477/-0.247867/-0.7580581/0.0003282353/0.8378122/0.5459585/0.6374309/0.295646/-0.5216342/0.8003072/-0.2514229/0/0/0/1
219#2.433333#0.955283/0.1610935/-0.2479582/-0.7581019/0.0003921166/0.8378752/0.5458616/0.6373897/0.2956929/-0.5215496/0.8003448/-0.2513988/0/0/0/1
220#2.444444#0.9552786/0.1612066/-0.2479017/-0.7581182/0.0003043488/0.8377982/0.5459798/0.6373839/0.2957072/-0.5216382/0.8002817/-0.2513745/0/0/0/1
221#2.455556#0.9552786/0.1612066/-0.2479017/-0.7581182/0.0003043488/0.8377982/0.5459798/0.6373839/0.2957072/-0.5216382/0.8002817/-0.2513745/0/0/0/1
222#2.466667#0.9552451/0.1612537/-0.248/-0.7581546/0.0003100559/0.8378146/0.5459549/0.6373577/0.2958153/-0.5215978/0.8002681/-0.2513514/0/0/0/1
223#2.477778#0.9553028/0.1612118/-0.2478049/-0.7581604/0.0002274141/0.8378282/0.5459339/0.6373593/0.2956289/-0.5215884/0.8003432/-0.2513616/0/0/0/1
224#2.488889#0.9552622/0.1612484/-0.2479374/-0.7581463/0.0002552345/0.8378561/0.545891/0.6373612/0.2957599/-0.5215323/0.8003314/-0.251358/0/0/0/1
225#2.5#0.9552819/0.1612608/-0.2478542/-0.7581601/0.0001700297/0.8379034/0.5458184/0.6373644/0.295697/-0.5214525/0.8004065/-0.2513707/0/0/0/1
226#2.511111#0.9552819/0.1612608/-0.2478542/-0.7581601/0.0001700297/0.8379034/0.5458184/0.6373644/0.295697/-0.5214525/0.8004065/-0.2513707/0/0/0/1
227#2.522222#0.9552704/0.1611553/-0.2479665/-0.7581244/0.0003520325/0.837859/0.5458868/0.6373993/0.2957335/-0.5215568/0.8003251/-0.2513785/0/0/0/1
228#2.533333#0.9552878/0.1611852/-0.2478801/-0.758131/0.0002955422/0.8378251/0.5459386/0.6374007/0.2956774/-0.5216018/0.8003164/-0.2513914/0/0/0/1
229#2.544445#0.9553105/0.1611165/-0.2478372/-0.7581475/0.0003046915/0.837872/0.5458666/0.6373576/0.295604/-0.5215477/0.8003789/-0.2514287/0/0/0/1
230#2.555556#0.9552812/0.1611414/-0.247934/-0.7581503/0.0003633052/0.8378277/0.5459347/0.6373575/0.2956986/-0.5216112/0.8003025/-0.2514374/0/0/0/1
231#2.566667#0.9552812/0.1611414/-0.247934/-0.7581503/0.0003633052/0.8378277/0.5459347/0.6373575/0.2956986/-0.5216112/0.8003025/-0.2514374/0/0/0/1
232#2.577778#0.9552831/0.1612775/-0.2478387/-0.7581592/0.0002010763/0.8378072/0.5459661/0.6373823/0.2956932/-0.521602/0.8003105/-0.2514682/0/0/0/1
233#2.588889#0.9552789/0.1612617/-0.2478646/-0.7581272/0.000266403/0.8377426/0.5460653/0.6373956/0.2957061/-0.5217108/0.8002348/-0.2514582/0/0/0/1
234#2.6#0.955292/0.1611972/-0.2478562/-0.7581205/0.0002855584/0.8378/0.5459771/0.6374308/0.2956639/-0.5216384/0.8002976/-0.2514386/0/0/0/1
235#2.611111#0.9553009/0.1611284/-0.2478662/-0.758146/0.0003326982/0.8378335/0.5459261/0.6374083/0.2956347/-0.5216062/0.8003296/-0.2514265/0/0/0/1
236#2.622222#0.9552935/0.1611283/-0.247895/-0.7581344/0.0003390238/0.8378515/0.5458981/0.6373829/0.2956589/-0.5215771/0.8003394/-0.2514237/0/0/0/1
237#2.633333#0.9552919/0.1610086/-0.2479791/-0.7581232/0.000456959/0.8379133/0.5458031/0.6373912/0.295664/-0.5215146/0.8003782/-0.2514415/0/0/0/1
238#2.644444#0.9552961/0.1612568/-0.2478017/-0.7580988/0.0001936927/0.8378149/0.5459543/0.6374226/0.2956508/-0.521596/0.8003301/-0.2514454/0/0/0/1
239#2.655556#0.9553129/0.1612634/-0.2477326/-0.7580979/0.0001464486/0.8378184/0.5459492/0.6374342/0.2955965/-0.5215884/0.8003552/-0.2514579/0/0/0/1
240#2.666667#0.9552763/0.1612677/-0.247871/-0.7581153/0.0002397969/0.8377867/0.5459979/0.6374154/0.2957148/-0.5216383/0.8002789/-0.2514468/0/0/0/1
241#2.677778#0.955271/0.1612774/-0.2478848/-0.7581198/0.0002201721/0.8378201/0.5459462/0.6374265/0.2957317/-0.5215811/0.8003098/-0.251461/0/0/0/1
242#2.688889#0.9553357/0.1610593/-0.2477772/-0.7581995/0.0003709719/0.837783/0.5460033/0.6373872/0.2955225/-0.5217084/0.8003042/-0.2513878/0/0/0/1
243#2.7#0.9552888/0.1610058/-0.2479931/-0.7581961/0.0004912838/0.8378711/0.545868/0.6374013/0.2956741/-0.5215834/0.8003297/-0.2514079/0/0/0/1
244#2.711111#0.9552901/0.1610975/-0.2479281/-0.7582386/0.000379242/0.8378617/0.5458828/0.6373707/0.2956697/-0.5215706/0.8003398/-0.2513433/0/0/0/1
245#2.722222#0.9553018/0.1610291/-0.2479278/-0.7582426/0.0004454255/0.8378502/0.5459/0.6373652/0.2956321/-0.5216096/0.8003281/-0.2512774/0/0/0/1
246#2.733333#0.9553027/0.1609706/-0.2479624/-0.7582285/0.0005006641/0.837878/0.5458572/0.6373547/0.2956292/-0.521583/0.8003464/-0.2512543/0/0/0/1
247#2.744445#0.9553078/0.1610369/-0.2478993/-0.7581482/0.0003972724/0.8378946/0.5458322/0.637401/0.2956125/-0.5215364/0.8003832/-0.2512767/0/0/0/1
248#2.755556#0.9552969/0.1610229/-0.2479507/-0.7581487/0.0004409924/0.8378909/0.5458377/0.6374167/0.2956479/-0.5215465/0.8003634/-0.2512631/0/0/0/1
249#2.766667#0.9553259/0.1610416/-0.2478266/-0.7581718/0.0003797561/0.8378447/0.5459085/0.6373974/0.2955542/-0.5216145/0.8003536/-0.2512622/0/0/0/1
250#2.777778#0.9552698/0.1610951/-0.2480083/-0.7581604/0.0003776923/0.8379487/0.545749/0.6374093/0.2957356/-0.5214311/0.8004063/-0.2512457/0/0/0/1
251#2.788889#0.9552802/0.161085/-0.2479745/-0.7581663/0.0003836751/0.8379198/0.5457935/0.6374135/0.2957018/-0.5214809/0.8003864/-0.2512596/0/0/0/1
252#2.8#0.9553176/0.1610256/-0.2478689/-0.7581661/0.0003896132/0.8378947/0.5458318/0.6374067/0.2955809/-0.5215393/0.8003929/-0.2512511/0/0/0/1
253#2.811111#0.9553199/0.1608964/-0.2479437/-0.7582085/0.0005255862/0.83793/0.5457774/0.6373929/0.2955731/-0.5215223/0.8004068/-0.2512355/0/0/0/1
254#2.822222#0.9553116/0.1609878/-0.2479167/-0.7581131/0.0004517958/0.8378917/0.5458363/0.6373961/0.2956004/-0.5215558/0.8003748/-0.2512746/0/0/0/1
255#2.833333#0.9553058/0.1610087/-0.2479254/-0.7581062/0.0004491284/0.8378727/0.5458655/0.6373922/0.295619/-0.5215798/0.8003524/-0.251263/0/0/0/1
256#2.844445#0.9553093/0.1609194/-0.2479697/-0.7581313/0.0005265101/0.8379191/0.5457942/0.6374211/0.2956074/-0.5215328/0.8003873/-0.2512819/0/0/0/1
257#2.855556#0.9553093/0.1609194/-0.2479697/-0.7581313/0.0005265101/0.8379191/0.5457942/0.6374211/0.2956074/-0.5215328/0.8003873/-0.2512819/0/0/0/1
258#2.866667#0.9553257/0.1609352/-0.2478963/-0.7581401/0.0004990771/0.8378689/0.545871/0.6374211/0.2955545/-0.5216083/0.8003576/-0.2512827/0/0/0/1
259#2.877778#0.9553039/0.1610805/-0.2478861/-0.7581863/0.000392437/0.8378221/0.545943/0.6373694/0.2956253/-0.5216388/0.8003115/-0.2513011/0/0/0/1
260#2.888889#0.9552816/0.1609466/-0.2480588/-0.7581704/0.000561878/0.8379045/0.5458166/0.6373605/0.2956969/-0.521548/0.8003443/-0.2512898/0/0/0/1
261#2.9#0.9553357/0.1609508/-0.2478483/-0.758209/0.0004582555/0.8378684/0.5458722/0.6373802/0.2955228/-0.5216047/0.8003719/-0.2513175/0/0/0/1
262#2.911111#0.9553481/0.160914/-0.2478238/-0.7581575/0.0004531145/0.8379098/0.5458085/0.6374047/0.2954822/-0.5215494/0.8004227/-0.2513454/0/0/0/1
263#2.922222#0.9553481/0.160914/-0.2478238/-0.7581575/0.0004531145/0.8379098/0.5458085/0.6374047/0.2954822/-0.5215494/0.8004227/-0.2513454/0/0/0/1
264#2.933333#0.9553572/0.1607565/-0.2478916/-0.7581942/0.0006363989/0.8378986/0.5458258/0.6373814/0.2954531/-0.5216163/0.8003899/-0.2513173/0/0/0/1
265#2.944444#0.9553572/0.1607565/-0.2478916/-0.7581942/0.0006363989/0.8378986/0.5458258/0.6373814/0.2954531/-0.5216163/0.8003899/-0.2513173/0/0/0/1
266#2.955556#0.9553148/0.1608777/-0.2479754/-0.7581472/0.0005329921/0.8379778/0.5457039/0.6373639/0.2955895/-0.5214512/0.800447/-0.251298/0/0/0/1
267#2.966667#0.9553698/0.1607637/-0.2478379/-0.7581487/0.0005780756/0.8379362/0.545768/0.6373441/0.295412/-0.5215535/0.8004459/-0.2513065/0/0/0/1
268#2.977778#0.9553546/0.1608704/-0.2478272/-0.7581375/0.0005188212/0.8378648/0.5458776/0.6373221/0.2954612/-0.5216351/0.8003745/-0.251291/0/0/0/1
269#2.988889#0.9553353/0.1608209/-0.2479333/-0.7580953/0.0006280615/0.8378557/0.5458916/0.6373488/0.295523/-0.5216654/0.8003321/-0.251297/0/0/0/1
270#3#0.9553353/0.1608209/-0.2479333/-0.7580953/0.0006280615/0.8378557/0.5458916/0.6373488/0.295523/-0.5216654/0.8003321/-0.251297/0/0/0/1
271#3.011111#0.9553497/0.1608016/-0.2478908/-0.758111/0.0005934238/0.8379037/0.5458177/0.6373359/0.295477/-0.5215939/0.8003957/-0.2512907/0/0/0/1
