0#0#0.9872817/0.04897502/-0.1512489/-0.3462392/-0.0731737/0.9845908/-0.1588289/1.988329/0.1411397/0.1678763/0.9756522/1.173302/0/0/0/1
1#0.01111111#0.9872817/0.04897502/-0.1512489/-0.3462392/-0.0731737/0.9845908/-0.1588289/1.988329/0.1411397/0.1678763/0.9756522/1.173302/0/0/0/1
2#0.02222222#0.9866356/0.04858876/-0.1555289/-0.3463409/-0.07326654/0.9848605/-0.1571042/1.990036/0.1455407/0.1663997/0.9752585/1.169951/0/0/0/1
3#0.03333334#0.9866356/0.04858876/-0.1555289/-0.3463409/-0.07326654/0.9848605/-0.1571042/1.990036/0.1455407/0.1663997/0.9752585/1.169951/0/0/0/1
4#0.04444445#0.9866356/0.04858876/-0.1555289/-0.3463409/-0.07326654/0.9848605/-0.1571042/1.990036/0.1455407/0.1663997/0.9752585/1.169951/0/0/0/1
5#0.05555556#0.9866356/0.04858876/-0.1555289/-0.3463409/-0.07326654/0.9848605/-0.1571042/1.990036/0.1455407/0.1663997/0.9752585/1.169951/0/0/0/1
6#0.06666667#0.9866356/0.04858876/-0.1555289/-0.3463409/-0.07326654/0.9848605/-0.1571042/1.990036/0.1455407/0.1663997/0.9752585/1.169951/0/0/0/1
7#0.07777778#0.9866356/0.04858876/-0.1555289/-0.3463409/-0.07326654/0.9848605/-0.1571042/1.990036/0.1455407/0.1663997/0.9752585/1.169951/0/0/0/1
8#0.08888889#0.9866356/0.04858876/-0.1555289/-0.3463409/-0.07326654/0.9848605/-0.1571042/1.990036/0.1455407/0.1663997/0.9752585/1.169951/0/0/0/1
9#0.1#0.9866356/0.04858876/-0.1555289/-0.3463409/-0.07326654/0.9848605/-0.1571042/1.990036/0.1455407/0.1663997/0.9752585/1.169951/0/0/0/1
10#0.1111111#0.9866356/0.04858876/-0.1555289/-0.3463409/-0.07326654/0.9848605/-0.1571042/1.990036/0.1455407/0.1663997/0.9752585/1.169951/0/0/0/1
11#0.1222222#0.9866356/0.04858876/-0.1555289/-0.3463409/-0.07326654/0.9848605/-0.1571042/1.990036/0.1455407/0.1663997/0.9752585/1.169951/0/0/0/1
12#0.1333333#0.9866356/0.04858876/-0.1555289/-0.3463409/-0.07326654/0.9848605/-0.1571042/1.990036/0.1455407/0.1663997/0.9752585/1.169951/0/0/0/1
13#0.1444445#0.9866356/0.04858876/-0.1555289/-0.3463409/-0.07326654/0.9848605/-0.1571042/1.990036/0.1455407/0.1663997/0.9752585/1.169951/0/0/0/1
14#0.1555556#0.9866356/0.04858876/-0.1555289/-0.3463409/-0.07326654/0.9848605/-0.1571042/1.990036/0.1455407/0.1663997/0.9752585/1.169951/0/0/0/1
15#0.1666667#0.9866356/0.04858876/-0.1555289/-0.3463409/-0.07326654/0.9848605/-0.1571042/1.990036/0.1455407/0.1663997/0.9752585/1.169951/0/0/0/1
16#0.1777778#0.9866356/0.04858876/-0.1555289/-0.3463409/-0.07326654/0.9848605/-0.1571042/1.990036/0.1455407/0.1663997/0.9752585/1.169951/0/0/0/1
17#0.1888889#0.9866356/0.04858876/-0.1555289/-0.3463409/-0.07326654/0.9848605/-0.1571042/1.990036/0.1455407/0.1663997/0.9752585/1.169951/0/0/0/1
18#0.2#0.9866356/0.04858876/-0.1555289/-0.3463409/-0.07326654/0.9848605/-0.1571042/1.990036/0.1455407/0.1663997/0.9752585/1.169951/0/0/0/1
19#0.2111111#0.9866356/0.04858876/-0.1555289/-0.3463409/-0.07326654/0.9848605/-0.1571042/1.990036/0.1455407/0.1663997/0.9752585/1.169951/0/0/0/1
20#0.2222222#0.9866356/0.04858876/-0.1555289/-0.3463409/-0.07326654/0.9848605/-0.1571042/1.990036/0.1455407/0.1663997/0.9752585/1.169951/0/0/0/1
21#0.2333333#0.9866356/0.04858876/-0.1555289/-0.3463409/-0.07326654/0.9848605/-0.1571042/1.990036/0.1455407/0.1663997/0.9752585/1.169951/0/0/0/1
22#0.2444444#0.9866356/0.04858876/-0.1555289/-0.3463409/-0.07326654/0.9848605/-0.1571042/1.990036/0.1455407/0.1663997/0.9752585/1.169951/0/0/0/1
23#0.2555556#0.9866356/0.04858876/-0.1555289/-0.3463409/-0.07326654/0.9848605/-0.1571042/1.990036/0.1455407/0.1663997/0.9752585/1.169951/0/0/0/1
24#0.2666667#0.9866356/0.04858876/-0.1555289/-0.3463409/-0.07326654/0.9848605/-0.1571042/1.990036/0.1455407/0.1663997/0.9752585/1.169951/0/0/0/1
25#0.2777778#0.9866356/0.04858876/-0.1555289/-0.3463409/-0.07326654/0.9848605/-0.1571042/1.990036/0.1455407/0.1663997/0.9752585/1.169951/0/0/0/1
26#0.2888889#0.9866356/0.04858876/-0.1555289/-0.3463409/-0.07326654/0.9848605/-0.1571042/1.990036/0.1455407/0.1663997/0.9752585/1.169951/0/0/0/1
27#0.3#0.9866356/0.04858876/-0.1555289/-0.3463409/-0.07326654/0.9848605/-0.1571042/1.990036/0.1455407/0.1663997/0.9752585/1.169951/0/0/0/1
28#0.3111111#0.9866356/0.04858876/-0.1555289/-0.3463409/-0.07326654/0.9848605/-0.1571042/1.990036/0.1455407/0.1663997/0.9752585/1.169951/0/0/0/1
29#0.3222222#0.9866356/0.04858876/-0.1555289/-0.3463409/-0.07326654/0.9848605/-0.1571042/1.990036/0.1455407/0.1663997/0.9752585/1.169951/0/0/0/1
30#0.3333333#0.9866356/0.04858876/-0.1555289/-0.3463409/-0.07326654/0.9848605/-0.1571042/1.990036/0.1455407/0.1663997/0.9752585/1.169951/0/0/0/1
31#0.3444445#0.9866356/0.04858876/-0.1555289/-0.3463409/-0.07326654/0.9848605/-0.1571042/1.990036/0.1455407/0.1663997/0.9752585/1.169951/0/0/0/1
32#0.3555556#0.8993425/0.08322661/-0.429251/-0.3924953/-0.06013818/0.9959323/0.06710112/2.033472/0.4330895/-0.03453252/0.9006892/0.8022676/0/0/0/1
33#0.3666667#0.8993425/0.08322661/-0.429251/-0.3924953/-0.06013818/0.9959323/0.06710112/2.033472/0.4330895/-0.03453252/0.9006892/0.8022676/0/0/0/1
34#0.3777778#0.8993425/0.08322661/-0.429251/-0.3924953/-0.06013818/0.9959323/0.06710112/2.033472/0.4330895/-0.03453252/0.9006892/0.8022676/0/0/0/1
35#0.3888889#0.8194621/0.0700074/-0.5688417/-0.3694493/-0.06292138/0.9975015/0.03211932/2.030603/0.569669/0.00947173/0.8218197/0.7625432/0/0/0/1
36#0.4#0.8125749/0.06696264/-0.5789975/-0.3684849/-0.06387749/0.9976259/0.02573141/2.029638/0.5793459/0.0160762/0.8149234/0.7592603/0/0/0/1
37#0.4111111#0.8092232/0.06643756/-0.583733/-0.3681879/-0.06539544/0.997597/0.02288448/2.029067/0.5838507/0.01965482/0.8116232/0.7576255/0/0/0/1
38#0.4222222#0.8061413/0.06580235/-0.5880529/-0.3678058/-0.06633197/0.997583/0.02069604/2.028488/0.5879934/0.02232278/0.8085576/0.7560012/0/0/0/1
39#0.4333333#0.803342/0.06523138/-0.5919346/-0.3675244/-0.06619825/0.9976041/0.02009555/2.028021/0.5918272/0.02304143/0.8057356/0.7545284/0/0/0/1
40#0.4444444#0.8007281/0.06336702/-0.5956669/-0.367149/-0.06482936/0.9977157/0.01898977/2.027705/0.5955095/0.02341106/0.8030071/0.7529727/0/0/0/1
41#0.4555556#0.7982868/0.06003482/-0.599278/-0.3668514/-0.06110412/0.9979585/0.01857845/2.027572/0.5991699/0.02178742/0.8003254/0.751523/0/0/0/1
42#0.4666667#0.7958131/0.05676771/-0.6028754/-0.366388/-0.05649819/0.9982139/0.01941413/2.027537/0.6029006/0.01861135/0.7975992/0.74992/0/0/0/1
43#0.4777778#0.7958131/0.05676771/-0.6028754/-0.366388/-0.05649819/0.9982139/0.01941413/2.027537/0.6029006/0.01861135/0.7975992/0.74992/0/0/0/1
44#0.4888889#0.7958131/0.05676771/-0.6028754/-0.366388/-0.05649819/0.9982139/0.01941413/2.027537/0.6029006/0.01861135/0.7975992/0.74992/0/0/0/1
45#0.5#0.7958131/0.05676771/-0.6028754/-0.366388/-0.05649819/0.9982139/0.01941413/2.027537/0.6029006/0.01861135/0.7975992/0.74992/0/0/0/1
46#0.5111111#0.7958131/0.05676771/-0.6028754/-0.366388/-0.05649819/0.9982139/0.01941413/2.027537/0.6029006/0.01861135/0.7975992/0.74992/0/0/0/1
47#0.5222222#0.7958131/0.05676771/-0.6028754/-0.366388/-0.05649819/0.9982139/0.01941413/2.027537/0.6029006/0.01861135/0.7975992/0.74992/0/0/0/1
48#0.5333334#0.7958131/0.05676771/-0.6028754/-0.366388/-0.05649819/0.9982139/0.01941413/2.027537/0.6029006/0.01861135/0.7975992/0.74992/0/0/0/1
49#0.5444444#0.7958131/0.05676771/-0.6028754/-0.366388/-0.05649819/0.9982139/0.01941413/2.027537/0.6029006/0.01861135/0.7975992/0.74992/0/0/0/1
50#0.5555556#0.7958131/0.05676771/-0.6028754/-0.366388/-0.05649819/0.9982139/0.01941413/2.027537/0.6029006/0.01861135/0.7975992/0.74992/0/0/0/1
51#0.5666667#0.7958131/0.05676771/-0.6028754/-0.366388/-0.05649819/0.9982139/0.01941413/2.027537/0.6029006/0.01861135/0.7975992/0.74992/0/0/0/1
52#0.5777778#0.7958131/0.05676771/-0.6028754/-0.366388/-0.05649819/0.9982139/0.01941413/2.027537/0.6029006/0.01861135/0.7975992/0.74992/0/0/0/1
53#0.5888889#0.7958131/0.05676771/-0.6028754/-0.366388/-0.05649819/0.9982139/0.01941413/2.027537/0.6029006/0.01861135/0.7975992/0.74992/0/0/0/1
54#0.6#0.7958131/0.05676771/-0.6028754/-0.366388/-0.05649819/0.9982139/0.01941413/2.027537/0.6029006/0.01861135/0.7975992/0.74992/0/0/0/1
55#0.6111111#0.7958131/0.05676771/-0.6028754/-0.366388/-0.05649819/0.9982139/0.01941413/2.027537/0.6029006/0.01861135/0.7975992/0.74992/0/0/0/1
56#0.6222222#0.7958131/0.05676771/-0.6028754/-0.366388/-0.05649819/0.9982139/0.01941413/2.027537/0.6029006/0.01861135/0.7975992/0.74992/0/0/0/1
57#0.6333333#0.7958131/0.05676771/-0.6028754/-0.366388/-0.05649819/0.9982139/0.01941413/2.027537/0.6029006/0.01861135/0.7975992/0.74992/0/0/0/1
58#0.6444445#0.7559338/0.06565684/-0.6513473/-0.3630004/-0.06073811/0.9977006/0.03007898/2.027556/0.6518244/0.0168239/0.7581833/0.7319106/0/0/0/1
59#0.6555555#0.7564523/0.06610208/-0.6507002/-0.3621676/-0.05956497/0.9977078/0.03210777/2.027944/0.6513312/0.01447094/0.7586557/0.7312247/0/0/0/1
60#0.6666667#0.7586863/0.06521288/-0.6481839/-0.3618321/-0.05689567/0.997808/0.03379284/2.028395/0.6489668/0.0112407/0.7607337/0.7305408/0/0/0/1
61#0.6777778#0.7601697/0.06603467/-0.64636/-0.3614508/-0.05607142/0.9977779/0.03599251/2.028722/0.6473004/0.008881911/0.7621831/0.7301142/0/0/0/1
62#0.6888889#0.7629747/0.06625856/-0.6430236/-0.3611621/-0.05546194/0.9977748/0.03700496/2.02889/0.6440446/0.007429493/0.7649518/0.7296284/0/0/0/1
63#0.7#0.7655784/0.06739814/-0.6398024/-0.36084/-0.05580189/0.9977058/0.03832871/2.029105/0.640918/0.006358545/0.767583/0.7291167/0/0/0/1
64#0.7111111#0.7686801/0.06839474/-0.6359663/-0.3605689/-0.05588903/0.997646/0.03973943/2.02935/0.6371871/0.004996619/0.7706932/0.7286341/0/0/0/1
65#0.7222223#0.7717944/0.06969693/-0.6320411/-0.3603345/-0.05593575/0.9975633/0.04170014/2.029674/0.6334074/0.003169759/0.7738121/0.7281383/0/0/0/1
66#0.7333333#0.7717944/0.06969693/-0.6320411/-0.3603345/-0.05593575/0.9975633/0.04170014/2.029674/0.6334074/0.003169759/0.7738121/0.7281383/0/0/0/1
67#0.7444445#0.7787976/0.07101049/-0.623243/-0.3595754/-0.05345577/0.9974704/0.04685114/2.030607/0.6249934/-0.003171624/0.7806236/0.7272271/0/0/0/1
68#0.7555556#0.7827285/0.0698449/-0.618432/-0.3588716/-0.05069506/0.9975359/0.04849743/2.031031/0.6202955/-0.006608877/0.7843406/0.7267603/0/0/0/1
69#0.7666667#0.7872636/0.06760227/-0.6128996/-0.3582016/-0.04680235/0.9976559/0.04992337/2.031361/0.6148378/-0.01061771/0.7885821/0.7263298/0/0/0/1
70#0.7777778#0.791719/0.06561314/-0.6073517/-0.3575965/-0.04362508/0.9977494/0.05092054/2.031544/0.6093258/-0.01381899/0.7927997/0.7258945/0/0/0/1
71#0.7888889#0.7963212/0.06344748/-0.601537/-0.3567536/-0.04078615/0.9978523/0.05125593/2.031523/0.6034971/-0.01628181/0.7971988/0.7253739/0/0/0/1
72#0.8#0.801016/0.06109776/-0.5955172/-0.356096/-0.03788518/0.9979578/0.05142817/2.031546/0.5974433/-0.0186335/0.8016948/0.7249734/0/0/0/1
73#0.8111112#0.8061997/0.05976225/-0.5886174/-0.3552843/-0.03500116/0.9979606/0.05338345/2.031549/0.5906073/-0.02243544/0.8066472/0.7245392/0/0/0/1
74#0.8222222#0.8118873/0.05656203/-0.5810679/-0.3544855/-0.03121498/0.9980777/0.05353981/2.031768/0.5829791/-0.02533026/0.8120923/0.7241508/0/0/0/1
75#0.8333334#0.8168561/0.05468219/-0.5742439/-0.3537338/-0.02917524/0.9981391/0.05354598/2.031918/0.5761034/-0.02698565/0.8169312/0.7237408/0/0/0/1
76#0.8444445#0.8221921/0.05329914/-0.5667092/-0.3531793/-0.02770549/0.9981736/0.05368286/2.032067/0.5685352/-0.02843667/0.8221674/0.7233064/0/0/0/1
77#0.8555556#0.8274083/0.05279768/-0.5591136/-0.3524754/-0.02703256/0.9981614/0.05425309/2.032083/0.5609498/-0.02977519/0.8273143/0.7226995/0/0/0/1
78#0.8666667#0.8321258/0.05160873/-0.5521805/-0.3518982/-0.02658462/0.9982281/0.05323539/2.031919/0.5539494/-0.02961903/0.8320234/0.722095/0/0/0/1
79#0.8777778#0.8364583/0.04965327/-0.5457766/-0.3513744/-0.02527267/0.9983225/0.05209173/2.031849/0.5474475/-0.02977933/0.8363101/0.7215643/0/0/0/1
80#0.8888889#0.8398598/0.04674042/-0.5407873/-0.3506265/-0.02335763/0.9984749/0.05002337/2.031728/0.5423006/-0.02938111/0.8396707/0.7206901/0/0/0/1
81#0.9#0.8427801/0.04408047/-0.5364499/-0.3502655/-0.0212151/0.9985869/0.04872497/2.031634/0.5378397/-0.0296836/0.8425243/0.72/0/0/0/1
82#0.9111111#0.8455299/0.0429/-0.5322018/-0.3498293/-0.02017928/0.9986224/0.04843784/2.03152/0.5335466/-0.0302162/0.8452308/0.7192116/0/0/0/1
83#0.9222223#0.8476878/0.04284234/-0.5287625/-0.3497117/-0.02020755/0.9986179/0.04851599/2.031547/0.5301103/-0.03044142/0.8473821/0.7185229/0/0/0/1
84#0.9333333#0.8498284/0.04325121/-0.5252817/-0.3495505/-0.02024697/0.9985706/0.04946476/2.031593/0.5266702/-0.0314012/0.8494895/0.7177725/0/0/0/1
85#0.9444445#0.8515292/0.04966566/-0.5219496/-0.3496828/-0.02320331/0.9980977/0.05711834/2.031378/0.5237936/-0.03652697/0.8510618/0.7170151/0/0/0/1
86#0.9555556#0.853429/0.04871742/-0.5189272/-0.3496529/-0.02337012/0.9981975/0.05527727/2.03142/0.5206848/-0.03504783/0.8530293/0.71635/0/0/0/1
87#0.9666667#0.8557203/0.04711427/-0.5152891/-0.3492301/-0.02303053/0.998327/0.05303385/2.031211/0.5169258/-0.03351476/0.8553738/0.7157272/0/0/0/1
88#0.9777778#0.858849/0.0447151/-0.5102733/-0.3489344/-0.02207395/0.9984879/0.05034419/2.030845/0.511753/-0.03197431/0.8585373/0.7151407/0/0/0/1
89#0.9888889#0.8619037/0.04058095/-0.5054455/-0.3484778/-0.01991156/0.9987323/0.0462318/2.030313/0.5066808/-0.02978315/0.8616191/0.7144347/0/0/0/1
90#1#0.8648871/0.0360658/-0.5006691/-0.3481263/-0.0174423/0.9989725/0.04183026/2.029687/0.5016633/-0.02744563/0.8646275/0.7137847/0/0/0/1
91#1.011111#0.867653/0.03145046/-0.4961747/-0.3477598/-0.01471008/0.9991842/0.03761086/2.029118/0.4969527/-0.02533441/0.8674077/0.7131644/0/0/0/1
92#1.022222#0.8705047/0.02530925/-0.491509/-0.3473625/-0.01109587/0.9994322/0.03181199/2.028408/0.4920351/-0.02223876/0.8702913/0.712553/0/0/0/1
93#1.033333#0.8732178/0.01927441/-0.4869489/-0.3468037/-0.00754265/0.9996324/0.02604164/2.027633/0.4872718/-0.01906714/0.8730423/0.7118175/0/0/0/1
94#1.044444#0.8762128/0.0130588/-0.4817474/-0.3463899/-0.00407454/0.9997978/0.01969082/2.026946/0.4819071/-0.01529045/0.8760889/0.711225/0/0/0/1
95#1.055556#0.8792592/0.006310221/-0.4763019/-0.3460754/-0.0004879748/0.9999236/0.01234655/2.026301/0.4763435/-0.01062339/0.879195/0.710718/0/0/0/1
96#1.066667#0.8821123/0.0006127741/-0.4710387/-0.3457347/0.001912938/0.9999862/0.004883233/2.025587/0.4710352/-0.005208627/0.882099/0.7100828/0/0/0/1
97#1.077778#0.8845944/-0.003916569/-0.466345/-0.345578/0.003318916/0.9999924/-0.00210283/2.0249/0.4663497/0.0003123922/0.8846005/0.7095627/0/0/0/1
98#1.088889#0.8869678/-0.008046327/-0.4617611/-0.3455633/0.00490265/0.9999558/-0.008007347/2.024125/0.4618051/0.004838406/0.8869682/0.7092357/0/0/0/1
99#1.1#0.889203/-0.01204267/-0.4573544/-0.3455074/0.006317473/0.9998813/-0.01404539/2.023415/0.4574693/0.00959988/0.8891736/0.708813/0/0/0/1
100#1.111111#0.8908112/-0.01550387/-0.454109/-0.3456498/0.007417653/0.9997807/-0.01958284/2.022715/0.4543131/0.01407619/0.8907309/0.708397/0/0/0/1
101#1.122222#0.8923956/-0.01884975/-0.4508601/-0.3457081/0.008708168/0.9996605/-0.024558/2.022023/0.4511699/0.01798929/0.8922567/0.7080094/0/0/0/1
102#1.133333#0.8938347/-0.02186965/-0.447863/-0.3457497/0.009738765/0.9995211/-0.02937133/2.021322/0.4482908/0.02189149/0.8936197/0.7076205/0/0/0/1
103#1.144444#0.8950126/-0.02357032/-0.4454175/-0.3459153/0.009323874/0.9993733/-0.03414899/2.020728/0.4459432/0.02641077/0.8946715/0.7071509/0/0/0/1
104#1.155556#0.8960508/-0.02479792/-0.4432584/-0.3461254/0.008437215/0.9992096/-0.0388445/2.020147/0.4438713/0.03106678/0.8955518/0.7066036/0/0/0/1
105#1.166667#0.8973218/-0.02675371/-0.4405653/-0.3464622/0.008449133/0.9990196/-0.04345755/2.019542/0.441296/0.03527302/0.8966681/0.7061425/0/0/0/1
106#1.177778#0.8983454/-0.02906939/-0.438327/-0.3465891/0.008974048/0.9988142/-0.04784815/2.019035/0.4391981/0.03905059/0.8975413/0.705613/0/0/0/1
107#1.188889#0.8992143/-0.03116578/-0.4363969/-0.3468393/0.009654407/0.9986301/-0.051425/2.018554/0.4374018/0.04202894/0.8982835/0.705166/0/0/0/1
108#1.2#0.899812/-0.03145672/-0.4351423/-0.3470165/0.009346077/0.9985581/-0.05286007/2.018141/0.4361777/0.04349725/0.8988087/0.7045963/0/0/0/1
109#1.211111#0.9002707/-0.03169227/-0.4341754/-0.3472929/0.009012332/0.9984896/-0.05419667/2.017733/0.4352373/0.04487874/0.8991966/0.7040999/0/0/0/1
110#1.222222#0.9003714/-0.03134003/-0.433992/-0.347555/0.008535159/0.9984829/-0.05439654/2.017556/0.4350384/0.04527291/0.899273/0.7036618/0/0/0/1
111#1.233333#0.900521/-0.0302147/-0.4337615/-0.3476841/0.007480823/0.9985117/-0.054023/2.017437/0.4347482/0.04540395/0.8994067/0.7031085/0/0/0/1
112#1.244444#0.9006438/-0.02874721/-0.4336061/-0.3479353/0.006195742/0.9985576/-0.05333317/2.017499/0.4345138/0.04534768/0.8995228/0.7027286/0/0/0/1
113#1.255556#0.9008011/-0.02636861/-0.4334307/-0.3480794/0.004125469/0.9986293/-0.0521796/2.017635/0.4342125/0.04521533/0.899675/0.7021953/0/0/0/1
114#1.266667#0.9008953/-0.02364711/-0.4333919/-0.3481846/0.001538471/0.9986824/-0.05129297/2.017787/0.4340338/0.04554283/0.8997447/0.701658/0/0/0/1
115#1.277778#0.9008117/-0.02052303/-0.4337245/-0.3483309/-0.0009744474/0.9987843/-0.04928447/2.018095/0.4342086/0.04481867/0.8996967/0.7011549/0/0/0/1
116#1.288889#0.9002967/-0.02104735/-0.4347677/-0.3484793/-0.0003620004/0.9987937/-0.04910178/2.018415/0.4352767/0.04436355/0.8992032/0.7008197/0/0/0/1
117#1.3#0.9000393/-0.02482568/-0.435101/-0.3483771/0.002207152/0.9986232/-0.05241304/2.018654/0.4358031/0.04621347/0.8988547/0.7003206/0/0/0/1
118#1.311111#0.9000217/-0.02132471/-0.435323/-0.3485876/0.0003302553/0.9988356/-0.0482461/2.018849/0.4358448/0.04327877/0.8989806/0.7000245/0/0/0/1
119#1.322222#0.8996506/-0.01912741/-0.4361914/-0.3485916/-0.0005608983/0.9989884/-0.04496347/2.019136/0.4366102/0.04069607/0.89873/0.6996075/0/0/0/1
120#1.333333#0.8997183/-0.0169007/-0.4361438/-0.348532/-0.001656232/0.9991106/-0.04213246/2.019491/0.4364679/0.0386297/0.8988901/0.6993737/0/0/0/1
121#1.344445#0.8997183/-0.0169007/-0.4361438/-0.348532/-0.001656232/0.9991106/-0.04213246/2.019491/0.4364679/0.0386297/0.8988901/0.6993737/0/0/0/1
122#1.355556#0.900591/-0.01458255/-0.4344228/-0.3484694/-0.003267285/0.9991817/-0.0403135/2.019702/0.4346551/0.03772536/0.8998065/0.6991316/0/0/0/1
123#1.366667#0.9012594/-0.01385294/-0.4330586/-0.3485059/-0.003043194/0.9992617/-0.03829833/2.020052/0.4332694/0.03583461/0.9005518/0.6988667/0/0/0/1
124#1.377778#0.9017085/-0.01162317/-0.4321882/-0.3484945/-0.004433199/0.9993374/-0.0361253/2.020247/0.4323217/0.03449047/0.9010596/0.6987804/0/0/0/1
125#1.388889#0.9027773/-0.009152716/-0.4300112/-0.3483137/-0.006477097/0.9993709/-0.03486963/2.020216/0.4300599/0.03426473/0.9021499/0.6986134/0/0/0/1
126#1.4#0.9039686/-0.007845012/-0.4275268/-0.3481698/-0.00796576/0.9993492/-0.03518073/2.020195/0.4275246/0.03520785/0.9033179/0.6985176/0/0/0/1
127#1.411111#0.9049447/-0.008076751/-0.4254524/-0.3481728/-0.008276925/0.9992965/-0.03657574/2.020036/0.4254484/0.03662046/0.9042414/0.6984638/0/0/0/1
128#1.422222#0.9058349/-0.009215242/-0.4235307/-0.3479542/-0.007777252/0.9992331/-0.03837521/2.019829/0.4235595/0.03805551/0.9050685/0.6983223/0/0/0/1
129#1.433333#0.9069497/-0.00979833/-0.421125/-0.3477709/-0.007914434/0.9991566/-0.04029222/2.019599/0.4211646/0.03987598/0.9061072/0.6982374/0/0/0/1
130#1.444445#0.9079908/-0.01220337/-0.4188123/-0.3475423/-0.006576431/0.9990375/-0.04336779/2.019382/0.4189384/0.04213184/0.9070367/0.6982291/0/0/0/1
131#1.455556#0.9093431/-0.01244314/-0.415861/-0.34745/-0.006966224/0.9989572/-0.04512289/2.019094/0.4159888/0.04392917/0.9083081/0.6983184/0/0/0/1
132#1.466667#0.9108813/-0.01265732/-0.4124744/-0.3472944/-0.007993219/0.9988008/-0.04830122/2.018744/0.4125912/0.04729367/0.9096877/0.6984258/0/0/0/1
133#1.477778#0.9125583/-0.01262723/-0.4087517/-0.347356/-0.00906264/0.9986533/-0.05108336/2.01837/0.4088463/0.05032092/0.9112148/0.6986598/0/0/0/1
134#1.488889#0.9144237/-0.01246523/-0.4045663/-0.3472047/-0.01040815/0.998471/-0.05428933/2.017937/0.4046245/0.05385424/0.9128957/0.6988863/0/0/0/1
135#1.5#0.9165282/-0.01246651/-0.3997757/-0.3470643/-0.01153344/0.9982747/-0.05757162/2.017433/0.3998038/0.05737679/0.9148032/0.6991359/0/0/0/1
136#1.511111#0.918577/-0.01278892/-0.3950352/-0.3470362/-0.01251036/0.9980348/-0.06140089/2.017004/0.3950441/0.06134348/0.9166118/0.6995322/0/0/0/1
137#1.522222#0.9208891/-0.0133521/-0.3895958/-0.3469192/-0.01329313/0.9977564/-0.06561581/2.016496/0.3895979/0.06560383/0.9186456/0.6998756/0/0/0/1
138#1.533333#0.9232492/-0.01417715/-0.3839401/-0.3470269/-0.0140193/0.9974103/-0.07054161/2.015974/0.3839459/0.07051004/0.9206595/0.7003711/0/0/0/1
139#1.544444#0.9255959/-0.01580166/-0.3781836/-0.3468957/-0.01403693/0.997008/-0.07601311/2.015339/0.3782533/0.07566594/0.9226046/0.7007668/0/0/0/1
140#1.555556#0.9279362/-0.01757301/-0.3723246/-0.3467873/-0.01387182/0.9965679/-0.08160853/2.014672/0.3724809/0.08089233/0.9245077/0.701177/0/0/0/1
141#1.566667#0.93003/-0.01971051/-0.3669546/-0.3466991/-0.01298393/0.9961746/-0.08641548/2.013966/0.3672541/0.0851335/0.9262164/0.7016665/0/0/0/1
142#1.577778#0.931465/-0.02208347/-0.3631598/-0.3465486/-0.01130623/0.9959173/-0.08956017/2.013365/0.3636549/0.08752815/0.9274123/0.702282/0/0/0/1
143#1.588889#0.9324083/-0.02498831/-0.3605416/-0.3464824/-0.008700153/0.9957658/-0.09151398/2.012934/0.3613018/0.08846518/0.9282429/0.7029574/0/0/0/1
144#1.6#0.9327011/-0.02738058/-0.3596096/-0.3464457/-0.006550194/0.9956633/-0.09279846/2.012817/0.360591/0.08890874/0.9284769/0.7037318/0/0/0/1
145#1.611111#0.9330599/-0.02963087/-0.3584987/-0.3469996/-0.003341169/0.9958447/-0.09100524/2.012823/0.3597056/0.08611114/0.9290838/0.7048256/0/0/0/1
146#1.622222#0.9331757/-0.03182391/-0.3580087/-0.3468807/-0.001694156/0.9956718/-0.09292267/2.012929/0.3594164/0.08731969/0.9290829/0.7057021/0/0/0/1
147#1.633333#0.9333875/-0.03213704/-0.3574284/-0.346758/-0.001418193/0.9956442/-0.09322366/2.013001/0.3588675/0.0875207/0.9292762/0.7064421/0/0/0/1
148#1.644444#0.9339343/-0.03179142/-0.356028/-0.3463876/-0.001689683/0.9956331/-0.09333716/2.012863/0.3574405/0.08777235/0.9298023/0.7072202/0/0/0/1
149#1.655556#0.9351466/-0.03059523/-0.3529378/-0.3460932/-0.003893703/0.9953158/-0.09659804/2.012663/0.3542401/0.09170755/0.930647/0.7078884/0/0/0/1
150#1.666667#0.9362174/-0.0265987/-0.3504135/-0.3456883/-0.008166347/0.9952155/-0.09736192/2.01231/0.3513266/0.09401351/0.931521/0.708593/0/0/0/1
151#1.677778#0.93761/-0.02126288/-0.3470377/-0.3455211/-0.01489639/0.9947551/-0.1011947/2.01192/0.3473692/0.1000508/0.9323757/0.7093091/0/0/0/1
152#1.688889#0.9383878/-0.02323324/-0.3448022/-0.345192/-0.01533139/0.9939566/-0.1086989/2.011775/0.3452438/0.107288/0.9323604/0.7098191/0/0/0/1
153#1.7#0.9391773/-0.02631918/-0.3424227/-0.344864/-0.01354851/0.9934435/-0.1135178/2.011519/0.3431653/0.1112527/0.9326631/0.7106737/0/0/0/1
154#1.711111#0.9403875/-0.02512672/-0.3391753/-0.34442/-0.01520628/0.9931636/-0.1157359/2.01124/0.3397646/0.1139942/0.9335766/0.711531/0/0/0/1
155#1.722222#0.9416224/-0.02528913/-0.3357197/-0.3441387/-0.01548992/0.9928645/-0.1182365/2.011063/0.3363144/0.1165344/0.9345118/0.7124685/0/0/0/1
156#1.733333#0.9428723/-0.02550469/-0.3321771/-0.3437721/-0.01545699/0.9926426/-0.1200896/2.010905/0.3327961/0.1183636/0.9355409/0.7134089/0/0/0/1
157#1.744444#0.944174/-0.02606429/-0.3284146/-0.3434995/-0.01482662/0.9924937/-0.121394/2.010801/0.3291135/0.1194863/0.9367002/0.7144612/0/0/0/1
158#1.755556#0.945514/-0.02572076/-0.3245638/-0.3433156/-0.01521261/0.9922958/-0.1229538/2.010697/0.3252258/0.121192/0.9378383/0.7156163/0/0/0/1
159#1.766667#0.9470973/-0.02509682/-0.3199635/-0.3430951/-0.01578614/0.9920886/-0.1245432/2.010536/0.3205578/0.1230055/0.9392083/0.7167066/0/0/0/1
160#1.777778#0.9487343/-0.02536899/-0.3150555/-0.3428131/-0.01569074/0.9917646/-0.1271091/2.010287/0.3156855/0.1255362/0.9405229/0.7178366/0/0/0/1
161#1.788889#0.9505199/-0.0267883/-0.3095062/-0.3424621/-0.01447974/0.9913723/-0.1302735/2.009946/0.3103257/0.1283092/0.9419314/0.7189093/0/0/0/1
162#1.8#0.9524311/-0.02818138/-0.3034479/-0.3421166/-0.01367653/0.9907597/-0.1349389/2.009515/0.3044466/0.1326702/0.9432449/0.720029/0/0/0/1
163#1.811111#0.9545431/-0.02997447/-0.2965617/-0.3416029/-0.01254142/0.990011/-0.1404308/2.009114/0.2978086/0.1377665/0.9446324/0.7210089/0/0/0/1
164#1.822222#0.9570011/-0.03193106/-0.288322/-0.3409889/-0.01129135/0.9890697/-0.1470157/2.008658/0.289865/0.1439497/0.9461801/0.72199/0/0/0/1
165#1.833333#0.9595175/-0.03356536/-0.2796419/-0.3401716/-0.01004005/0.988166/-0.1530592/2.008222/0.2814701/0.1496706/0.9478255/0.7228823/0/0/0/1
166#1.844445#0.9621253/-0.03454894/-0.2704094/-0.3394541/-0.00928949/0.9872053/-0.1591829/2.00776/0.2724493/0.1556658/0.9494944/0.7238845/0/0/0/1
167#1.855556#0.9650332/-0.0342252/-0.2598837/-0.3387494/-0.009584488/0.9861694/-0.1654632/2.007311/0.2619523/0.1621683/0.9513582/0.7250183/0/0/0/1
168#1.866667#0.9678596/-0.03227392/-0.2494118/-0.338028/-0.01123332/0.9851937/-0.1710759/2.006842/0.2512403/0.1683792/0.9531667/0.726135/0/0/0/1
169#1.877778#0.9707665/-0.02987448/-0.2381592/-0.337397/-0.01257119/0.9845342/-0.1747409/2.006374/0.2396961/0.1726266/0.9553773/0.7274717/0/0/0/1
170#1.888889#0.9735247/-0.02765722/-0.2269022/-0.3366085/-0.01346529/0.9839904/-0.1777119/2.005875/0.2281847/0.1760623/0.9575666/0.7287604/0/0/0/1
171#1.9#0.9761585/-0.02628248/-0.215462/-0.3360502/-0.0136361/0.9832562/-0.1817184/2.005473/0.2166303/0.180324/0.9594555/0.7302763/0/0/0/1
172#1.911111#0.9787847/-0.02351584/-0.2035376/-0.335258/-0.0152997/0.9822299/-0.1870567/2.005085/0.2043196/0.1862023/0.9610318/0.7317423/0/0/0/1
173#1.922222#0.9812522/-0.01878229/-0.1918107/-0.3350037/-0.01887085/0.9810943/-0.1926079/2.004761/0.191802/0.1926166/0.9623466/0.7335031/0/0/0/1
174#1.933333#0.983406/-0.01308931/-0.1809456/-0.3342745/-0.02333434/0.9799831/-0.1977082/2.004181/0.1799115/0.1986496/0.9634159/0.7349946/0/0/0/1
175#1.944445#0.9853894/-0.009728619/-0.1700383/-0.3335748/-0.02532588/0.9788982/-0.2027731/2.003477/0.1684229/0.2041168/0.9643496/0.7365605/0/0/0/1
176#1.955556#0.9870149/-0.007487758/-0.1604542/-0.3326294/-0.02646991/0.9776746/-0.2084507/2.002644/0.1584328/0.2099912/0.9647812/0.7381548/0/0/0/1
177#1.966667#0.9884433/-0.006909965/-0.1514335/-0.3316672/-0.02595538/0.9764942/-0.2139749/2.001708/0.1493525/0.2154325/0.9650298/0.7398634/0/0/0/1
178#1.977778#0.9896584/-0.006704996/-0.1432874/-0.3308792/-0.02523696/0.9751869/-0.2199397/2.000881/0.1412067/0.2212813/0.9649328/0.7418151/0/0/0/1
179#1.988889#0.9906273/-0.005757006/-0.136472/-0.3300198/-0.02536856/0.9739746/-0.2252328/2.000118/0.1342169/0.2265838/0.9646997/0.743773/0/0/0/1
180#2#0.9914286/-0.004858422/-0.1305598/-0.3291649/-0.02549892/0.9728957/-0.2298341/1.999367/0.1281377/0.2311932/0.9644327/0.7459989/0/0/0/1
181#2.011111#0.9922121/-0.003308787/-0.1245161/-0.3282704/-0.02632403/0.9714984/-0.2355802/1.998557/0.1217466/0.2370232/0.9638454/0.7483075/0/0/0/1
182#2.022222#0.9930017/-0.001332359/-0.1180925/-0.3273578/-0.02747566/0.969893/-0.2419767/1.997656/0.1148595/0.2435279/0.9630689/0.7506175/0/0/0/1
183#2.033333#0.9937199/0.0005574217/-0.1118945/-0.3264909/-0.02868517/0.9678395/-0.2499278/1.996632/0.1081566/0.251568/0.9617774/0.7530166/0/0/0/1
184#2.044445#0.994368/0.002180726/-0.10596/-0.3255625/-0.02963999/0.9656155/-0.2582798/1.995475/0.1017533/0.2599658/0.9602417/0.7554282/0/0/0/1
185#2.055556#0.9949015/0.002938651/-0.1008083/-0.3245643/-0.02995092/0.9630873/-0.267518/1.994203/0.09630107/0.2691733/0.958265/0.7579104/0/0/0/1
186#2.066667#0.9953591/0.002726123/-0.09619213/-0.3235525/-0.02945478/0.960253/-0.2775727/1.992805/0.09161209/0.2791179/0.9558767/0.760493/0/0/0/1
187#2.077778#0.9957864/0.002298173/-0.09167372/-0.3226593/-0.02867315/0.9573646/-0.2874558/1.991412/0.08710454/0.2888732/0.9533966/0.7632519/0/0/0/1
188#2.088889#0.9961517/0.002266961/-0.08761577/-0.3216119/-0.02826505/0.9545639/-0.2966626/1.990097/0.08296232/0.2979974/0.9509547/0.7661067/0/0/0/1
189#2.1#0.9964826/0.003142723/-0.08374061/-0.3206942/-0.02858388/0.9521136/-0.3044055/1.988886/0.07877391/0.3057285/0.9488544/0.7693243/0/0/0/1
190#2.111111#0.99682/0.005090225/-0.0795239/-0.3199476/-0.02969006/0.9498271/-0.3113631/1.987754/0.07394905/0.312734/0.9469576/0.7728363/0/0/0/1
191#2.122222#0.9971188/0.007333184/-0.07549907/-0.3190678/-0.03099903/0.9478031/-0.3173456/1.986606/0.06923111/0.3187717/0.9452997/0.7764462/0/0/0/1
192#2.133333#0.9974015/0.009441431/-0.07142258/-0.3181518/-0.03210468/0.9457463/-0.323316/1.98542/0.06449507/0.3247689/0.9435918/0.7801117/0/0/0/1
193#2.144444#0.9976553/0.0107075/-0.06759447/-0.3171033/-0.03240836/0.9438373/-0.3288174/1.984141/0.06027737/0.3302371/0.9419713/0.7839404/0/0/0/1
194#2.155556#0.9978786/0.01133676/-0.06410853/-0.3161259/-0.03218557/0.9418725/-0.3344252/1.982818/0.05659077/0.3357791/0.9402393/0.7879289/0/0/0/1
195#2.166667#0.9980883/0.01208862/-0.0606106/-0.3149701/-0.03201671/0.93997/-0.3397518/1.981517/0.05286502/0.3410428/0.9385601/0.7918855/0/0/0/1
196#2.177778#0.998289/0.01366021/-0.05685263/-0.3138735/-0.03246332/0.9381845/-0.34461/1.980178/0.0486308/0.345866/0.9370228/0.7961984/0/0/0/1
197#2.188889#0.9984915/0.01566884/-0.05262321/-0.3126584/-0.03309236/0.9365185/-0.3490531/1.978768/0.04381334/0.3502679/0.9356244/0.8003588/0/0/0/1
198#2.2#0.9987043/0.01817871/-0.04753162/-0.3113507/-0.03380952/0.9351074/-0.3527478/1.977293/0.03803467/0.3538978/0.9345104/0.8048502/0/0/0/1
199#2.211111#0.9989052/0.02044994/-0.0420747/-0.3099848/-0.0341361/0.9336093/-0.3566627/1.975767/0.0319876/0.3577084/0.9332855/0.809357/0/0/0/1
200#2.222222#0.9990855/0.02179772/-0.03678384/-0.3084974/-0.03358605/0.9324823/-0.3596509/1.974115/0.02646071/0.3605574/0.9323615/0.814052/0/0/0/1
201#2.233333#0.9992394/0.0218513/-0.03229617/-0.3070197/-0.03208994/0.9313462/-0.3627181/1.972471/0.02215305/0.3634786/0.9313393/0.8187988/0/0/0/1
202#2.244445#0.9993876/0.0202903/-0.02851076/-0.3054874/-0.02929938/0.9306619/-0.3647055/1.970775/0.01913389/0.3653174/0.9306864/0.8237256/0/0/0/1
203#2.255556#0.9995114/0.01809634/-0.02548636/-0.3039312/-0.02618707/0.9299842/-0.3666657/1.969078/0.0170666/0.3671539/0.9300038/0.8288475/0/0/0/1
204#2.266667#0.9995998/0.01717157/-0.02248051/-0.3024292/-0.02425044/0.9293383/-0.368432/1.967382/0.01456545/0.3688298/0.9293829/0.8338864/0/0/0/1
205#2.277778#0.999672/0.0170571/-0.01910295/-0.3010014/-0.022918/0.9287287/-0.3700509/1.965583/0.01142947/0.3703673/0.9288151/0.8390176/0/0/0/1
206#2.288889#0.9997335/0.01721966/-0.01537638/-0.2993418/-0.02169716/0.9283621/-0.3710432/1.963788/0.007885612/0.371278/0.9284883/0.8439806/0/0/0/1
207#2.3#0.9997986/0.01612091/-0.0119519/-0.2976696/-0.01940763/0.9282535/-0.3714418/1.962008/0.005106416/0.371599/0.9283793/0.8490319/0/0/0/1
208#2.311111#0.9998747/0.01324831/-0.00867203/-0.2960014/-0.01552358/0.928122/-0.3719525/1.960252/0.003120959/0.3720405/0.9282113/0.8541243/0/0/0/1
209#2.322222#0.9999356/0.009525922/-0.0061633/-0.2943484/-0.01113714/0.9278156/-0.3728727/1.95862/0.002166449/0.3729174/0.9278619/0.8590502/0/0/0/1
210#2.333333#0.9999744/0.005888101/-0.004065434/-0.2927597/-0.006981246/0.9274129/-0.3739742/1.956867/0.001568338/0.373993/0.9274302/0.8642195/0/0/0/1
211#2.344445#0.999991/0.003670691/-0.00212673/-0.2912414/-0.004200095/0.9271744/-0.3746065/1.955159/0.000596785/0.374612/0.9271815/0.8689829/0/0/0/1
212#2.355556#0.9999956/0.002946326/0.0002452332/-0.2897048/-0.002639012/0.9269243/-0.375239/1.953355/-0.001332889/0.3752367/0.926928/0.8738493/0/0/0/1
213#2.366667#0.9999897/0.003425327/0.002983961/-0.2882284/-0.002051628/0.926581/-0.3760896/1.951426/-0.004053112/0.3760795/0.9265785/0.8786536/0/0/0/1
214#2.377778#0.9999695/0.0050518/0.005951273/-0.2867867/-0.00244057/0.926469/-0.3763632/1.949388/-0.007414981/0.3763372/0.9264531/0.8832883/0/0/0/1
215#2.388889#0.9999476/0.006113658/0.00821198/-0.2853472/-0.002576701/0.9265881/-0.3760695/1.947189/-0.009908281/0.3760286/0.9265551/0.8879749/0/0/0/1
216#2.4#0.9999101/0.007714594/0.01096327/-0.2840407/-0.003050138/0.9272926/-0.3743248/1.944967/-0.01305392/0.3742577/0.9272329/0.8926886/0/0/0/1
217#2.411111#0.999859/0.009522591/0.01383269/-0.2826811/-0.003695941/0.9282724/-0.3718826/1.942702/-0.01638179/0.371779/0.9281767/0.8973922/0/0/0/1
218#2.422222#0.9997964/0.01177757/0.01638419/-0.2813869/-0.004916343/0.929696/-0.368295/1.940353/-0.01956994/0.3681395/0.9295646/0.9020985/0/0/0/1
219#2.433333#0.9997236/0.01371053/0.01909814/-0.2800535/-0.005812045/0.9312599/-0.3643093/1.937991/-0.0227802/0.3640976/0.9310822/0.9069067/0/0/0/1
220#2.444444#0.9996524/0.01539936/0.02140003/-0.2787902/-0.006655321/0.9327946/-0.3603469/1.935337/-0.02551095/0.3600792/0.9325729/0.9117078/0/0/0/1
221#2.455556#0.999584/0.01660583/0.02358085/-0.2776402/-0.007086822/0.9339638/-0.3572972/1.932606/-0.02795688/0.3569815/0.9336929/0.9164766/0/0/0/1
222#2.466667#0.9995266/0.01769227/0.0251719/-0.2765197/-0.007557861/0.9342505/-0.3565375/1.929809/-0.02982482/0.3561784/0.9339418/0.9210316/0/0/0/1
223#2.477778#0.9994478/0.01909211/0.0271977/-0.2754067/-0.008133678/0.9341289/-0.3568431/1.927131/-0.03221904/0.3564247/0.9337683/0.9254843/0/0/0/1
224#2.488889#0.9993703/0.02040032/0.02902947/-0.2744279/-0.00873368/0.9344419/-0.3560085/1.924321/-0.03438904/0.3555308/0.9340317/0.930065/0/0/0/1
225#2.5#0.9992762/0.02193429/0.0310806/-0.2735081/-0.009502271/0.9350533/-0.3543798/1.921555/-0.03683509/0.353828/0.9345849/0.9346076/0/0/0/1
226#2.511111#0.9991705/0.02355589/0.03321857/-0.2725595/-0.01033475/0.9356939/-0.3526618/1.91873/-0.03938967/0.352026/0.9351611/0.9390312/0/0/0/1
227#2.522222#0.999064/0.02523121/0.03513591/-0.2717723/-0.01131648/0.9364285/-0.3506762/1.915705/-0.04175025/0.3499504/0.9358373/0.9434189/0/0/0/1
228#2.533333#0.9989796/0.02632894/0.03669643/-0.2709744/-0.01191801/0.9373785/-0.3481084/1.912616/-0.04356377/0.3473158/0.9367358/0.9476935/0/0/0/1
229#2.544445#0.9989514/0.02672619/0.0371722/-0.2702861/-0.01228039/0.9385911/-0.3448129/1.909475/-0.04410503/0.3439948/0.9379351/0.9518744/0/0/0/1
230#2.555556#0.9989055/0.02761981/0.03774513/-0.2697104/-0.01300241/0.9391918/-0.3431467/1.906452/-0.04492757/0.3422804/0.9385231/0.9560102/0/0/0/1
231#2.566667#0.9988511/0.02955204/0.03772397/-0.2691556/-0.01482549/0.9391578/-0.3431658/1.903573/-0.04557002/0.3422122/0.938517/0.9599766/0/0/0/1
232#2.577778#0.9987906/0.0315132/0.03774413/-0.2686663/-0.01668447/0.9392892/-0.3427211/1.900809/-0.0462529/0.3416769/0.9386786/0.9640044/0/0/0/1
233#2.588889#0.9987197/0.03308587/0.03826995/-0.2681478/-0.01803915/0.9396665/-0.3416161/1.898073/-0.04726366/0.3404883/0.9390601/0.9680232/0/0/0/1
234#2.6#0.9986659/0.03421303/0.0386757/-0.2676744/-0.01898958/0.9398488/-0.3410624/1.895391/-0.04801809/0.339873/0.9392447/0.9719559/0/0/0/1
235#2.611111#0.9986129/0.03536815/0.03900405/-0.2672482/-0.01997553/0.9399029/-0.340857/1.89266/-0.04871551/0.339605/0.9393057/0.975679/0/0/0/1
236#2.622222#0.9985465/0.03711858/0.03907697/-0.2668203/-0.02160376/0.9399048/-0.3407525/1.889739/-0.04937687/0.339413/0.9393406/0.9793288/0/0/0/1
237#2.633333#0.9984661/0.0391961/0.03910292/-0.2664361/-0.02361283/0.9402795/-0.3395831/1.886702/-0.05007801/0.3381389/0.9397629/0.9828626/0/0/0/1
238#2.644444#0.9983774/0.04137377/0.03912375/-0.2660697/-0.02563631/0.9400913/-0.3399575/1.883618/-0.05084521/0.3384028/0.9396268/0.9862334/0/0/0/1
239#2.655556#0.9982665/0.04384187/0.03926856/-0.2657404/-0.02778811/0.9392204/-0.3421883/1.880729/-0.05188401/0.3405039/0.9388105/0.989448/0/0/0/1
240#2.666667#0.9981999/0.04563007/0.03891844/-0.2654146/-0.02945684/0.9382941/-0.3445822/1.878039/-0.05224023/0.3428155/0.9379492/0.9927021/0/0/0/1
241#2.677778#0.9982249/0.04588873/0.0379638/-0.2650847/-0.02991582/0.9375266/-0.3466249/1.875407/-0.05149826/0.3448738/0.9372351/0.9959551/0/0/0/1
242#2.688889#0.9982693/0.04556822/0.03717377/-0.2647203/-0.02982015/0.937066/-0.3478767/1.872823/-0.0506864/0.3461661/0.936803/0.9991118/0/0/0/1
243#2.7#0.9982857/0.04564775/0.03663425/-0.2643583/-0.03003286/0.9367188/-0.348792/1.870344/-0.05023756/0.3470938/0.9364838/1.002255/0/0/0/1
244#2.711111#0.9982484/0.04654507/0.0365198/-0.2639641/-0.030877/0.9364309/-0.3494907/1.86795/-0.05046534/0.3477509/0.9362277/1.00524/0/0/0/1
245#2.722222#0.9981664/0.04821058/0.03659831/-0.2635659/-0.03246684/0.9367514/-0.3484865/1.86548/-0.05108424/0.3466592/0.9365992/1.008239/0/0/0/1
246#2.733333#0.9980455/0.05011819/0.03732532/-0.2630897/-0.03408288/0.9372132/-0.3470876/1.862963/-0.05237718/0.3451371/0.9370897/1.011161/0/0/0/1
247#2.744445#0.997904/0.05232749/0.03807135/-0.2626806/-0.03586791/0.9369421/-0.3476393/1.860593/-0.05386174/0.3455451/0.9368551/1.01392/0/0/0/1
248#2.755556#0.9977525/0.05454179/0.03892343/-0.2622108/-0.03754896/0.9362289/-0.3493789/1.85826/-0.05549699/0.3471321/0.9361727/1.016626/0/0/0/1
249#2.766667#0.9976418/0.0563711/0.03915308/-0.2618062/-0.0390501/0.9353252/-0.3516274/1.855833/-0.05644248/0.3492693/0.9353209/1.019293/0/0/0/1
250#2.777778#0.9975895/0.05712545/0.03939373/-0.2614136/-0.03949478/0.9342019/-0.3545518/1.853332/-0.05705563/0.3521414/0.9342061/1.021832/0/0/0/1
251#2.788889#0.9975478/0.0577968/0.03946809/-0.2610117/-0.03991146/0.9330322/-0.3575721/1.850919/-0.05749152/0.35512/0.9330512/1.024392/0/0/0/1
252#2.8#0.9975179/0.05814615/0.03971141/-0.2605987/-0.03994259/0.9317343/-0.3609371/1.848648/-0.05798759/0.358455/0.9317443/1.026857/0/0/0/1
253#2.811111#0.9974493/0.05888568/0.04034139/-0.2601297/-0.04023296/0.9306512/-0.3636886/1.846439/-0.05895982/0.3611379/0.9306467/1.029324/0/0/0/1
254#2.822222#0.9973955/0.05929829/0.04105999/-0.2596952/-0.04021518/0.9297826/-0.3659057/1.844394/-0.05987445/0.3633015/0.9297459/1.031622/0/0/0/1
255#2.833333#0.9973394/0.05975027/0.04176038/-0.2592978/-0.04022133/0.9288149/-0.3683545/1.842451/-0.06079695/0.3656948/0.9287472/1.033818/0/0/0/1
256#2.844445#0.9973049/0.05994865/0.04230079/-0.2588829/-0.04001265/0.9276487/-0.3713044/1.84062/-0.06149948/0.3686111/0.927547/1.03593/0/0/0/1
257#2.855556#0.9972222/0.06061947/0.04327901/-0.2584305/-0.04007147/0.9264361/-0.3743132/1.83909/-0.0627859/0.3715392/0.9262918/1.037801/0/0/0/1
258#2.866667#0.9971623/0.06096148/0.04416936/-0.2580729/-0.03986077/0.9252871/-0.3771669/1.837586/-0.06386197/0.374336/0.9250916/1.039723/0/0/0/1
259#2.877778#0.9970987/0.06114278/0.04533939/-0.2577381/-0.03935675/0.9239534/-0.380475/1.836335/-0.06515478/0.3775868/0.9236791/1.041466/0/0/0/1
260#2.888889#0.9970737/0.06093411/0.04616359/-0.2573962/-0.03858421/0.922438/-0.3842127/1.835161/-0.0659947/0.3813072/0.9220898/1.043161/0/0/0/1
261#2.9#0.9970973/0.05990381/0.04699611/-0.2571138/-0.03698006/0.9205714/-0.3888197/1.834176/-0.06655505/0.3859532/0.9201145/1.044647/0/0/0/1
262#2.911111#0.9971545/0.05846538/0.04758779/-0.2567915/-0.03505157/0.9184676/-0.3939398/1.833284/-0.06673969/0.3911509/0.9179035/1.045908/0/0/0/1
263#2.922222#0.9972402/0.05675175/0.04786693/-0.2565198/-0.03302056/0.9164971/-0.3986761/1.832387/-0.06649547/0.3959952/0.9158418/1.047192/0/0/0/1
264#2.933333#0.9973191/0.05506558/0.04819062/-0.2562598/-0.03098042/0.9143775/-0.4036753/1.831741/-0.06629305/0.4011002/0.9136322/1.048301/0/0/0/1
265#2.944444#0.9973446/0.05417206/0.04867296/-0.2559885/-0.02967013/0.9126096/-0.4077542/1.831172/-0.06650827/0.4052273/0.9117937/1.04933/0/0/0/1
266#2.955556#0.9973153/0.05364463/0.04984477/-0.2556789/-0.02846769/0.9111722/-0.411041/1.830967/-0.06746732/0.4085184/0.9102532/1.050207/0/0/0/1
267#2.966667#0.9972801/0.05322288/0.05098705/-0.2553818/-0.027413/0.909994/-0.4137141/1.830893/-0.06841698/0.4111912/0.9089779/1.051158/0/0/0/1
268#2.977778#0.9972335/0.05272067/0.05240117/-0.2551541/-0.02628638/0.9095238/-0.4148197/1.83117/-0.06952969/0.4122947/0.9083934/1.052034/0/0/0/1
269#2.988889#0.9971813/0.0520992/0.05399051/-0.2548952/-0.02502354/0.9093366/-0.4153081/1.83171/-0.07073276/0.4127865/0.9080771/1.052837/0/0/0/1
270#3#0.9971433/0.05134121/0.0554023/-0.2546639/-0.02371228/0.9091707/-0.415748/1.832274/-0.07171515/0.4132465/0.907791/1.053642/0/0/0/1
271#3.011111#0.9971125/0.05066191/0.05656882/-0.2544072/-0.02259782/0.909137/-0.4158837/1.833035/-0.07249826/0.4134045/0.9076567/1.05432/0/0/0/1
272#3.022222#0.9971009/0.04972878/0.0575917/-0.254185/-0.02126326/0.9088341/-0.4166155/1.833805/-0.07305907/0.4141831/0.9072567/1.054868/0/0/0/1
273#3.033333#0.9970782/0.04897131/0.05862438/-0.2539469/-0.02005884/0.9083855/-0.4176522/1.834829/-0.07370652/0.4152559/0.9067137/1.055164/0/0/0/1
