0#0#1/0/0/0/0/1/0/0/0/0/1/0/0/0/0/1
1#0.01111111#1/0/0/0/0/1/0/0/0/0/1/0/0/0/0/1
2#0.02222222#0.955151/-0.1034561/0.2774587/-0.05519044/0.03751198/0.9717082/0.2331862/1.336289/-0.2937334/-0.21232/0.932009/1.473971/0/0/0/1
3#0.03333334#0.955151/-0.1034561/0.2774587/-0.05519044/0.03751198/0.9717082/0.2331862/1.336289/-0.2937334/-0.21232/0.932009/1.473971/0/0/0/1
4#0.04444445#0.955151/-0.1034561/0.2774587/-0.05519044/0.03751198/0.9717082/0.2331862/1.336289/-0.2937334/-0.21232/0.932009/1.473971/0/0/0/1
5#0.05555556#0.955151/-0.1034561/0.2774587/-0.05519044/0.03751198/0.9717082/0.2331862/1.336289/-0.2937334/-0.21232/0.932009/1.473971/0/0/0/1
6#0.06666667#0.955151/-0.1034561/0.2774587/-0.05519044/0.03751198/0.9717082/0.2331862/1.336289/-0.2937334/-0.21232/0.932009/1.473971/0/0/0/1
7#0.07777778#0.955151/-0.1034561/0.2774587/-0.05519044/0.03751198/0.9717082/0.2331862/1.336289/-0.2937334/-0.21232/0.932009/1.473971/0/0/0/1
8#0.08888889#0.955151/-0.1034561/0.2774587/-0.05519044/0.03751198/0.9717082/0.2331862/1.336289/-0.2937334/-0.21232/0.932009/1.473971/0/0/0/1
9#0.1#0.955151/-0.1034561/0.2774587/-0.05519044/0.03751198/0.9717082/0.2331862/1.336289/-0.2937334/-0.21232/0.932009/1.473971/0/0/0/1
10#0.1111111#0.955151/-0.1034561/0.2774587/-0.05519044/0.03751198/0.9717082/0.2331862/1.336289/-0.2937334/-0.21232/0.932009/1.473971/0/0/0/1
11#0.1222222#0.955151/-0.1034561/0.2774587/-0.05519044/0.03751198/0.9717082/0.2331862/1.336289/-0.2937334/-0.21232/0.932009/1.473971/0/0/0/1
12#0.1333333#0.955151/-0.1034561/0.2774587/-0.05519044/0.03751198/0.9717082/0.2331862/1.336289/-0.2937334/-0.21232/0.932009/1.473971/0/0/0/1
13#0.1444445#0.955151/-0.1034561/0.2774587/-0.05519044/0.03751198/0.9717082/0.2331862/1.336289/-0.2937334/-0.21232/0.932009/1.473971/0/0/0/1
14#0.1555556#0.955151/-0.1034561/0.2774587/-0.05519044/0.03751198/0.9717082/0.2331862/1.336289/-0.2937334/-0.21232/0.932009/1.473971/0/0/0/1
15#0.1666667#0.955151/-0.1034561/0.2774587/-0.05519044/0.03751198/0.9717082/0.2331862/1.336289/-0.2937334/-0.21232/0.932009/1.473971/0/0/0/1
16#0.1777778#0.955151/-0.1034561/0.2774587/-0.05519044/0.03751198/0.9717082/0.2331862/1.336289/-0.2937334/-0.21232/0.932009/1.473971/0/0/0/1
17#0.1888889#0.955151/-0.1034561/0.2774587/-0.05519044/0.03751198/0.9717082/0.2331862/1.336289/-0.2937334/-0.21232/0.932009/1.473971/0/0/0/1
18#0.2#0.955151/-0.1034561/0.2774587/-0.05519044/0.03751198/0.9717082/0.2331862/1.336289/-0.2937334/-0.21232/0.932009/1.473971/0/0/0/1
19#0.2111111#0.955151/-0.1034561/0.2774587/-0.05519044/0.03751198/0.9717082/0.2331862/1.336289/-0.2937334/-0.21232/0.932009/1.473971/0/0/0/1
20#0.2222222#0.955151/-0.1034561/0.2774587/-0.05519044/0.03751198/0.9717082/0.2331862/1.336289/-0.2937334/-0.21232/0.932009/1.473971/0/0/0/1
21#0.2333333#0.955151/-0.1034561/0.2774587/-0.05519044/0.03751198/0.9717082/0.2331862/1.336289/-0.2937334/-0.21232/0.932009/1.473971/0/0/0/1
22#0.2444444#0.955151/-0.1034561/0.2774587/-0.05519044/0.03751198/0.9717082/0.2331862/1.336289/-0.2937334/-0.21232/0.932009/1.473971/0/0/0/1
23#0.2555556#0.955151/-0.1034561/0.2774587/-0.05519044/0.03751198/0.9717082/0.2331862/1.336289/-0.2937334/-0.21232/0.932009/1.473971/0/0/0/1
24#0.2666667#0.955151/-0.1034561/0.2774587/-0.05519044/0.03751198/0.9717082/0.2331862/1.336289/-0.2937334/-0.21232/0.932009/1.473971/0/0/0/1
25#0.2777778#0.955151/-0.1034561/0.2774587/-0.05519044/0.03751198/0.9717082/0.2331862/1.336289/-0.2937334/-0.21232/0.932009/1.473971/0/0/0/1
26#0.2888889#0.955151/-0.1034561/0.2774587/-0.05519044/0.03751198/0.9717082/0.2331862/1.336289/-0.2937334/-0.21232/0.932009/1.473971/0/0/0/1
27#0.3#0.955151/-0.1034561/0.2774587/-0.05519044/0.03751198/0.9717082/0.2331862/1.336289/-0.2937334/-0.21232/0.932009/1.473971/0/0/0/1
28#0.3111111#0.955151/-0.1034561/0.2774587/-0.05519044/0.03751198/0.9717082/0.2331862/1.336289/-0.2937334/-0.21232/0.932009/1.473971/0/0/0/1
29#0.3222222#0.955151/-0.1034561/0.2774587/-0.05519044/0.03751198/0.9717082/0.2331862/1.336289/-0.2937334/-0.21232/0.932009/1.473971/0/0/0/1
30#0.3333333#0.955151/-0.1034561/0.2774587/-0.05519044/0.03751198/0.9717082/0.2331862/1.336289/-0.2937334/-0.21232/0.932009/1.473971/0/0/0/1
31#0.3444445#0.955151/-0.1034561/0.2774587/-0.05519044/0.03751198/0.9717082/0.2331862/1.336289/-0.2937334/-0.21232/0.932009/1.473971/0/0/0/1
32#0.3555556#0.9550917/-0.1033457/0.2777044/-0.05516911/0.03734322/0.9717152/0.2331845/1.336242/-0.2939483/-0.2123422/0.9319362/1.473961/0/0/0/1
33#0.3666667#0.9550917/-0.1033457/0.2777044/-0.05516911/0.03734322/0.9717152/0.2331845/1.336242/-0.2939483/-0.2123422/0.9319362/1.473961/0/0/0/1
34#0.3777778#0.9550917/-0.1033457/0.2777044/-0.05516911/0.03734322/0.9717152/0.2331845/1.336242/-0.2939483/-0.2123422/0.9319362/1.473961/0/0/0/1
35#0.3888889#0.9550903/-0.1033624/0.2777027/-0.05515885/0.03734991/0.9717067/0.2332187/1.336237/-0.2939516/-0.2123728/0.9319284/1.473965/0/0/0/1
36#0.4#0.9550849/-0.1032235/0.2777727/-0.05501664/0.03725784/0.9717602/0.2330109/1.336206/-0.2939806/-0.212196/0.9319594/1.474018/0/0/0/1
37#0.4111111#0.9550957/-0.1032184/0.2777376/-0.05506861/0.03728777/0.9717794/0.2329255/1.336265/-0.2939418/-0.2121099/0.9319913/1.474033/0/0/0/1
38#0.4222222#0.9551161/-0.103169/0.2776858/-0.05508041/0.03724537/0.9717779/0.2329387/1.33621/-0.2938809/-0.2121409/0.9320033/1.474007/0/0/0/1
39#0.4333333#0.9551193/-0.1031804/0.2776707/-0.05520582/0.03724553/0.9717666/0.2329858/1.336246/-0.2938707/-0.2121872/0.931996/1.473916/0/0/0/1
40#0.4444444#0.9551254/-0.1031759/0.2776518/-0.05522096/0.03725643/0.9717746/0.2329509/1.336244/-0.2938499/-0.212153/0.9320104/1.473905/0/0/0/1
41#0.4555556#0.9551029/-0.1031241/0.2777478/-0.05522025/0.03718627/0.971781/0.2329354/1.33627/-0.2939312/-0.2121489/0.9319857/1.473901/0/0/0/1
42#0.4666667#0.9551165/-0.103069/0.2777213/-0.05524611/0.03720872/0.9718351/0.2327061/1.336281/-0.293884/-0.2119278/0.932051/1.473973/0/0/0/1
43#0.4777778#0.9551165/-0.103069/0.2777213/-0.05524611/0.03720872/0.9718351/0.2327061/1.336281/-0.293884/-0.2119278/0.932051/1.473973/0/0/0/1
44#0.4888889#0.9551165/-0.103069/0.2777213/-0.05524611/0.03720872/0.9718351/0.2327061/1.336281/-0.293884/-0.2119278/0.932051/1.473973/0/0/0/1
45#0.5#0.9551165/-0.103069/0.2777213/-0.05524611/0.03720872/0.9718351/0.2327061/1.336281/-0.293884/-0.2119278/0.932051/1.473973/0/0/0/1
46#0.5111111#0.9551165/-0.103069/0.2777213/-0.05524611/0.03720872/0.9718351/0.2327061/1.336281/-0.293884/-0.2119278/0.932051/1.473973/0/0/0/1
47#0.5222222#0.9551165/-0.103069/0.2777213/-0.05524611/0.03720872/0.9718351/0.2327061/1.336281/-0.293884/-0.2119278/0.932051/1.473973/0/0/0/1
48#0.5333334#0.9551165/-0.103069/0.2777213/-0.05524611/0.03720872/0.9718351/0.2327061/1.336281/-0.293884/-0.2119278/0.932051/1.473973/0/0/0/1
49#0.5444444#0.9551165/-0.103069/0.2777213/-0.05524611/0.03720872/0.9718351/0.2327061/1.336281/-0.293884/-0.2119278/0.932051/1.473973/0/0/0/1
50#0.5555556#0.9551165/-0.103069/0.2777213/-0.05524611/0.03720872/0.9718351/0.2327061/1.336281/-0.293884/-0.2119278/0.932051/1.473973/0/0/0/1
51#0.5666667#0.9551165/-0.103069/0.2777213/-0.05524611/0.03720872/0.9718351/0.2327061/1.336281/-0.293884/-0.2119278/0.932051/1.473973/0/0/0/1
52#0.5777778#0.9551165/-0.103069/0.2777213/-0.05524611/0.03720872/0.9718351/0.2327061/1.336281/-0.293884/-0.2119278/0.932051/1.473973/0/0/0/1
53#0.5888889#0.9551165/-0.103069/0.2777213/-0.05524611/0.03720872/0.9718351/0.2327061/1.336281/-0.293884/-0.2119278/0.932051/1.473973/0/0/0/1
54#0.6#0.9551165/-0.103069/0.2777213/-0.05524611/0.03720872/0.9718351/0.2327061/1.336281/-0.293884/-0.2119278/0.932051/1.473973/0/0/0/1
55#0.6111111#0.9551165/-0.103069/0.2777213/-0.05524611/0.03720872/0.9718351/0.2327061/1.336281/-0.293884/-0.2119278/0.932051/1.473973/0/0/0/1
56#0.6222222#0.9551165/-0.103069/0.2777213/-0.05524611/0.03720872/0.9718351/0.2327061/1.336281/-0.293884/-0.2119278/0.932051/1.473973/0/0/0/1
57#0.6333333#0.9551165/-0.103069/0.2777213/-0.05524611/0.03720872/0.9718351/0.2327061/1.336281/-0.293884/-0.2119278/0.932051/1.473973/0/0/0/1
58#0.6444445#0.9550947/-0.1031376/0.2777711/-0.05530465/0.03729002/0.9718496/0.2326329/1.336295/-0.2939448/-0.2118284/0.9320543/1.47397/0/0/0/1
59#0.6555555#0.9550973/-0.1030857/0.2777814/-0.05531406/0.03725053/0.9718629/0.2325833/1.336286/-0.2939414/-0.2117922/0.9320636/1.473972/0/0/0/1
60#0.6666667#0.9550903/-0.103152/0.2777804/-0.05520988/0.03729283/0.9718422/0.2326636/1.336317/-0.2939583/-0.2118556/0.9320439/1.47388/0/0/0/1
61#0.6777778#0.9551238/-0.1031622/0.2776617/-0.05524409/0.0373353/0.9718439/0.232649/1.336281/-0.2938444/-0.211842/0.932083/1.473921/0/0/0/1
62#0.6888889#0.9551259/-0.1032266/0.2776307/-0.05523515/0.03742152/0.9718509/0.2326059/1.336267/-0.2938268/-0.2117786/0.9321027/1.473927/0/0/0/1
63#0.7#0.9551207/-0.1031124/0.2776908/-0.05527949/0.03729436/0.9718578/0.2325969/1.336307/-0.2938597/-0.2118019/0.9320872/1.474005/0/0/0/1
64#0.7111111#0.9551226/-0.1031129/0.2776841/-0.05527568/0.03730824/0.9718664/0.2325593/1.336307/-0.2938517/-0.2117628/0.9320986/1.474023/0/0/0/1
65#0.7222223#0.955127/-0.1032068/0.2776339/-0.05526173/0.03738313/0.971839/0.2326616/1.336308/-0.2938277/-0.2118426/0.932088/1.474024/0/0/0/1
66#0.7333333#0.955127/-0.1032068/0.2776339/-0.05526173/0.03738313/0.971839/0.2326616/1.336308/-0.2938277/-0.2118426/0.932088/1.474024/0/0/0/1
67#0.7444445#0.9551138/-0.1032297/0.2776712/-0.05524445/0.03735198/0.9718054/0.232807/1.336312/-0.293875/-0.2119856/0.9320406/1.473937/0/0/0/1
68#0.7555556#0.9551152/-0.1031766/0.2776861/-0.05524147/0.03731164/0.97182/0.2327526/1.336298/-0.2938755/-0.2119446/0.9320497/1.473938/0/0/0/1
69#0.7666667#0.9551092/-0.103193/0.2777002/-0.05521047/0.03729083/0.9717947/0.2328613/1.336306/-0.2938972/-0.2120523/0.9320185/1.473949/0/0/0/1
70#0.7777778#0.9550965/-0.1031934/0.2777447/-0.05522776/0.03725932/0.9717795/0.2329298/1.336274/-0.2939434/-0.2121218/0.931988/1.473922/0/0/0/1
71#0.7888889#0.9551018/-0.1032415/0.2777081/-0.05525637/0.03731028/0.9717727/0.2329501/1.336298/-0.2939193/-0.2121297/0.9319938/1.473912/0/0/0/1
72#0.8#0.9550852/-0.1031836/0.2777866/-0.05523229/0.03723669/0.9717782/0.2329392/1.336317/-0.2939824/-0.2121329/0.9319732/1.47397/0/0/0/1
73#0.8111112#0.9550833/-0.103173/0.2777968/-0.05523324/0.03724147/0.9717916/0.2328824/1.336316/-0.2939877/-0.2120765/0.9319843/1.473974/0/0/0/1
74#0.8222222#0.9550964/-0.1031807/0.2777491/-0.05525804/0.03724118/0.971777/0.2329432/1.336312/-0.2939453/-0.2121395/0.9319834/1.473924/0/0/0/1
75#0.8333334#0.95509/-0.1031781/0.2777719/-0.05525279/0.03724054/0.9717826/0.2329199/1.336306/-0.2939661/-0.2121151/0.9319823/1.473919/0/0/0/1
76#0.8444445#0.9550935/-0.1031272/0.2777787/-0.05527568/0.03722393/0.9718112/0.2328032/1.336315/-0.2939568/-0.2120089/0.9320094/1.473918/0/0/0/1
77#0.8555556#0.9551114/-0.1031176/0.2777211/-0.05528426/0.03720492/0.9717948/0.2328748/1.336325/-0.2939014/-0.2120888/0.9320087/1.473916/0/0/0/1
78#0.8666667#0.9550934/-0.1031678/0.2777641/-0.05527568/0.0372531/0.9717982/0.2328527/1.336328/-0.2939535/-0.2120485/0.9320015/1.473921/0/0/0/1
79#0.8777778#0.9550903/-0.1031966/0.2777641/-0.05524325/0.03726936/0.9717877/0.2328942/1.336405/-0.2939615/-0.2120828/0.9319913/1.473898/0/0/0/1
80#0.8888889#0.9550998/-0.1032279/0.2777206/-0.05524683/0.03731183/0.9717865/0.2328923/1.336414/-0.2939261/-0.212073/0.9320046/1.473899/0/0/0/1
81#0.9#0.9550771/-0.1032411/0.277793/-0.0552702/0.03727291/0.971761/0.2330049/1.336374/-0.2940041/-0.2121835/0.9319548/1.473937/0/0/0/1
82#0.9111111#0.9550726/-0.1033099/0.277783/-0.05525303/0.03734021/0.9717546/0.2330211/1.336361/-0.2940103/-0.2121796/0.9319537/1.473939/0/0/0/1
83#0.9222223#0.9550891/-0.1032156/0.2777614/-0.05521917/0.0372787/0.9717793/0.2329275/1.336327/-0.2939646/-0.212112/0.9319835/1.473948/0/0/0/1
84#0.9333333#0.9550738/-0.1032694/0.2777935/-0.05522132/0.03731982/0.971773/0.2329472/1.336337/-0.2940086/-0.2121146/0.931969/1.473949/0/0/0/1
85#0.9444445#0.9550867/-0.103305/0.277736/-0.05523729/0.03735752/0.9717626/0.2329847/1.336321/-0.2939619/-0.2121451/0.9319769/1.474002/0/0/0/1
86#0.9555556#0.9550955/-0.1033794/0.2776783/-0.05524862/0.03742659/0.9717447/0.2330482/1.33633/-0.2939247/-0.2121907/0.9319783/1.474005/0/0/0/1
87#0.9666667#0.9550895/-0.1033461/0.2777114/-0.05529356/0.03738938/0.9717495/0.2330343/1.336406/-0.2939491/-0.2121851/0.9319718/1.474003/0/0/0/1
88#0.9777778#0.9550967/-0.1033394/0.2776893/-0.05529499/0.03739471/0.9717546/0.2330123/1.336455/-0.2939252/-0.2121652/0.931984/1.473991/0/0/0/1
89#0.9888889#0.9551281/-0.1033545/0.2775756/-0.0553025/0.03745908/0.9717693/0.2329402/1.336399/-0.2938149/-0.21209/0.9320357/1.473934/0/0/0/1
90#1#0.9551268/-0.1033321/0.2775882/-0.05521917/0.0374189/0.9717599/0.232986/1.336416/-0.2938241/-0.2121442/0.9320205/1.473993/0/0/0/1
91#1.011111#0.9551355/-0.1033144/0.2775649/-0.05521393/0.03740743/0.9717612/0.2329824/1.336431/-0.2937972/-0.2121468/0.9320284/1.473996/0/0/0/1
92#1.022222#0.9551272/-0.1032411/0.2776209/-0.05519021/0.03734544/0.971783/0.2329014/1.336397/-0.2938323/-0.2120826/0.9320319/1.473893/0/0/0/1
93#1.033333#0.9551227/-0.1032909/0.2776175/-0.05518389/0.03738969/0.9717758/0.2329244/1.33641/-0.2938408/-0.2120913/0.9320274/1.47388/0/0/0/1
94#1.044444#0.9551269/-0.1032759/0.2776089/-0.05522346/0.03735558/0.9717613/0.2329904/1.336339/-0.2938319/-0.2121652/0.9320133/1.473961/0/0/0/1
95#1.055556#0.9551157/-0.1032747/0.2776478/-0.05521488/0.0373292/0.97175/0.2330417/1.33634/-0.2938716/-0.2122174/0.9319889/1.473986/0/0/0/1
96#1.066667#0.9551374/-0.1032924/0.2775666/-0.05520797/0.03736232/0.9717459/0.2330534/1.33637/-0.2937969/-0.2122275/0.9320101/1.474002/0/0/0/1
97#1.077778#0.9551284/-0.1032343/0.2776193/-0.05521131/0.03725624/0.9717235/0.2331636/1.336323/-0.2938397/-0.2123581/0.9319669/1.473904/0/0/0/1
98#1.088889#0.9551302/-0.1032503/0.2776077/-0.05519986/0.03727606/0.9717235/0.2331609/1.336323/-0.2938319/-0.2123508/0.931971/1.473895/0/0/0/1
99#1.1#0.9551004/-0.1032605/0.2777057/-0.05519795/0.03725901/0.9717206/0.2331757/1.336325/-0.2939301/-0.2123592/0.9319381/1.473963/0/0/0/1
100#1.111111#0.9551142/-0.103167/0.2776934/-0.05518317/0.0371689/0.9717256/0.233169/1.336342/-0.2938972/-0.2123815/0.9319434/1.473976/0/0/0/1
101#1.122222#0.9551153/-0.1030904/0.2777178/-0.0551728/0.03708708/0.9717302/0.2331634/1.336346/-0.2939037/-0.2123982/0.9319376/1.474013/0/0/0/1
102#1.133333#0.9550844/-0.1031614/0.2777974/-0.0551542/0.03714414/0.9717305/0.2331528/1.336342/-0.2939965/-0.2123621/0.9319165/1.474023/0/0/0/1
103#1.144444#0.95511/-0.1030903/0.2777357/-0.0552001/0.03707764/0.9717265/0.23318/1.336305/-0.2939216/-0.2124147/0.9319283/1.473922/0/0/0/1
104#1.155556#0.9551565/-0.103098/0.2775729/-0.05523896/0.03713005/0.9717297/0.2331583/1.336264/-0.2937639/-0.2123964/0.931982/1.473894/0/0/0/1
105#1.166667#0.9551508/-0.1030322/0.2776168/-0.05520701/0.03706518/0.9717416/0.2331191/1.336279/-0.2937905/-0.212374/0.9319788/1.473893/0/0/0/1
106#1.177778#0.9551334/-0.1029695/0.2777001/-0.05519056/0.03698669/0.9717481/0.2331045/1.33633/-0.2938572/-0.2123746/0.9319576/1.473971/0/0/0/1
107#1.188889#0.955118/-0.1030266/0.2777322/-0.05521476/0.03703373/0.9717434/0.2331161/1.336362/-0.2939016/-0.2123679/0.9319451/1.473982/0/0/0/1
108#1.2#0.9551053/-0.1030027/0.2777847/-0.05527067/0.0370043/0.9717499/0.2330937/1.336344/-0.2939466/-0.2123497/0.9319351/1.47391/0/0/0/1
109#1.211111#0.9550907/-0.1029928/0.2778386/-0.05527711/0.03695852/0.971734/0.2331673/1.336361/-0.2939998/-0.2124274/0.9319006/1.473909/0/0/0/1
110#1.222222#0.9550862/-0.1029914/0.2778546/-0.05528712/0.03699991/0.9717678/0.2330198/1.33637/-0.2940091/-0.2122734/0.9319327/1.473953/0/0/0/1
111#1.233333#0.9550984/-0.1029128/0.2778417/-0.05529678/0.03691423/0.9717645/0.2330474/1.336392/-0.2939803/-0.2123269/0.9319296/1.473978/0/0/0/1
112#1.244444#0.9551013/-0.1029159/0.2778306/-0.05528164/0.03693246/0.9717732/0.2330079/1.336384/-0.2939686/-0.2122852/0.9319428/1.474003/0/0/0/1
113#1.255556#0.9551221/-0.1029534/0.2777456/-0.0553124/0.03702522/0.9717963/0.2328971/1.336329/-0.2938898/-0.2121616/0.9319959/1.473972/0/0/0/1
114#1.266667#0.9551384/-0.1028868/0.2777139/-0.05529737/0.03698689/0.9718146/0.2328271/1.33632/-0.2938412/-0.2121103/0.9320228/1.473995/0/0/0/1
115#1.277778#0.955129/-0.102943/0.2777254/-0.05527294/0.03697954/0.9717678/0.2330231/1.336357/-0.2938727/-0.2122969/0.9319704/1.473983/0/0/0/1
116#1.288889#0.9551439/-0.1029687/0.2776644/-0.05526209/0.03701595/0.9717634/0.2330356/1.33633/-0.2938195/-0.2123045/0.9319856/1.474007/0/0/0/1
117#1.3#0.9551564/-0.1029487/0.277629/-0.05527735/0.03702771/0.9717811/0.2329597/1.3363/-0.2937776/-0.212233/0.9320149/1.47398/0/0/0/1
118#1.311111#0.9551613/-0.1029477/0.2776123/-0.05525374/0.03700471/0.9717624/0.2330417/1.336292/-0.2937644/-0.2123194/0.9319994/1.473952/0/0/0/1
119#1.322222#0.9551533/-0.1029546/0.2776372/-0.05528164/0.03700614/0.9717625/0.2330411/1.336316/-0.2937901/-0.2123157/0.9319922/1.473952/0/0/0/1
120#1.333333#0.9551644/-0.1029881/0.2775866/-0.05528283/0.03705937/0.9717662/0.2330174/1.336306/-0.2937472/-0.2122828/0.9320132/1.473965/0/0/0/1
121#1.344445#0.9551644/-0.1029881/0.2775866/-0.05528283/0.03705937/0.9717662/0.2330174/1.336306/-0.2937472/-0.2122828/0.9320132/1.473965/0/0/0/1
122#1.355556#0.9551643/-0.1029729/0.2775929/-0.05527198/0.03706042/0.9717798/0.2329604/1.336283/-0.2937478/-0.2122277/0.9320256/1.473969/0/0/0/1
123#1.366667#0.9551746/-0.102962/0.2775615/-0.05526567/0.03706805/0.9717882/0.2329241/1.336308/-0.2937133/-0.2121945/0.932044/1.473987/0/0/0/1
124#1.377778#0.9551703/-0.1030053/0.2775603/-0.05524421/0.03707855/0.9717621/0.2330316/1.336305/-0.293726/-0.2122933/0.9320174/1.473993/0/0/0/1
125#1.388889#0.9551613/-0.1029796/0.2776005/-0.05526948/0.03702119/0.9717475/0.2331012/1.336332/-0.2937623/-0.2123722/0.9319882/1.47398/0/0/0/1
126#1.4#0.9551708/-0.1029405/0.2775821/-0.0552516/0.03694826/0.9717218/0.2332199/1.336349/-0.2937404/-0.2125087/0.9319638/1.473883/0/0/0/1
127#1.411111#0.9551679/-0.1029506/0.2775885/-0.05529249/0.03693904/0.9717085/0.233277/1.336374/-0.2937511/-0.2125649/0.9319477/1.473857/0/0/0/1
128#1.422222#0.9551728/-0.1029468/0.2775736/-0.05530119/0.0369852/0.9717423/0.2331292/1.336389/-0.2937299/-0.2124126/0.9319893/1.473882/0/0/0/1
129#1.433333#0.9551483/-0.102987/0.2776426/-0.05531657/0.03697954/0.9717192/0.233226/1.336401/-0.2938099/-0.2124983/0.9319443/1.473862/0/0/0/1
130#1.444445#0.9551554/-0.1030363/0.2775998/-0.05536175/0.03701928/0.9717022/0.2332905/1.336371/-0.2937817/-0.2125521/0.9319409/1.47387/0/0/0/1
131#1.455556#0.9551386/-0.1030737/0.2776434/-0.05534351/0.03705499/0.9717066/0.2332659/1.336364/-0.2938315/-0.2125132/0.9319341/1.473863/0/0/0/1
132#1.466667#0.9551378/-0.1030082/0.2776706/-0.0553292/0.03699677/0.9717202/0.2332191/1.336375/-0.2938416/-0.2124834/0.9319377/1.473869/0/0/0/1
133#1.477778#0.9551593/-0.1029363/0.2776235/-0.05533659/0.03694407/0.9717296/0.2331888/1.336381/-0.2937786/-0.212476/0.9319592/1.473859/0/0/0/1
134#1.488889#0.955127/-0.1028739/0.2777575/-0.05532336/0.03687294/0.9717499/0.2331149/1.336385/-0.2938922/-0.2124126/0.9319381/1.47389/0/0/0/1
135#1.5#0.9551549/-0.1029108/0.2776479/-0.05533576/0.0368995/0.9717211/0.2332302/1.336412/-0.2937982/-0.2125259/0.9319417/1.473845/0/0/0/1
136#1.511111#0.9551342/-0.1029039/0.2777216/-0.05532014/0.03689351/0.9717352/0.2331727/1.3364/-0.2938662/-0.2124652/0.9319341/1.473834/0/0/0/1
137#1.522222#0.9551038/-0.1028575/0.2778438/-0.05532122/0.03681564/0.9717364/0.23318/1.336434/-0.2939752/-0.2124821/0.9318959/1.473877/0/0/0/1
138#1.533333#0.9551182/-0.1027219/0.2778438/-0.05527675/0.03670115/0.9717586/0.2331056/1.336423/-0.2939422/-0.2124462/0.9319145/1.473881/0/0/0/1
139#1.544444#0.9551185/-0.102782/0.2778211/-0.05526936/0.03678707/0.9717702/0.2330437/1.336421/-0.293931/-0.2123641/0.9319367/1.473879/0/0/0/1
140#1.555556#0.9551233/-0.1027157/0.277829/-0.05524766/0.03671154/0.9717684/0.2330636/1.336438/-0.2939247/-0.212405/0.9319294/1.473876/0/0/0/1
141#1.566667#0.9551246/-0.102791/0.2777967/-0.05526614/0.03682122/0.9717836/0.2329824/1.33641/-0.2939067/-0.2122984/0.9319593/1.473916/0/0/0/1
142#1.577778#0.9551315/-0.1027854/0.2777751/-0.0552882/0.036819/0.9717825/0.2329874/1.336445/-0.2938847/-0.2123062/0.9319645/1.473922/0/0/0/1
143#1.588889#0.9551147/-0.1028535/0.2778075/-0.05529547/0.03692398/0.9718114/0.2328504/1.336421/-0.293926/-0.2121411/0.931989/1.473969/0/0/0/1
144#1.6#0.9551092/-0.1029414/0.2777938/-0.05531573/0.0369737/0.9717769/0.2329862/1.336445/-0.2939375/-0.2122562/0.9319594/1.473981/0/0/0/1
145#1.611111#0.9551165/-0.1028559/0.2778004/-0.05526197/0.03689551/0.9717877/0.2329537/1.336423/-0.2939236/-0.2122483/0.9319654/1.474002/0/0/0/1
146#1.622222#0.955128/-0.1029463/0.2777274/-0.0552845/0.03698694/0.971771/0.2330088/1.336409/-0.2938749/-0.212281/0.9319733/1.473938/0/0/0/1
147#1.633333#0.955143/-0.1029738/0.2776653/-0.05532122/0.03702602/0.9717669/0.2330194/1.336424/-0.2938209/-0.2122861/0.9319892/1.473925/0/0/0/1
148#1.644444#0.9551371/-0.1029503/0.2776949/-0.05531681/0.03697624/0.9717544/0.2330795/1.336445/-0.2938468/-0.2123548/0.9319654/1.473964/0/0/0/1
149#1.655556#0.9551488/-0.1029797/0.2776432/-0.05532944/0.03700971/0.9717466/0.2331065/1.336447/-0.2938041/-0.2123759/0.9319741/1.473959/0/0/0/1
150#1.666667#0.9551538/-0.1030296/0.2776079/-0.05536151/0.0370829/0.9717548/0.2330611/1.336429/-0.2937791/-0.2123147/0.9319958/1.473935/0/0/0/1
151#1.677778#0.9551318/-0.1030564/0.2776732/-0.05529857/0.03709381/0.9717534/0.233065/1.336363/-0.2938487/-0.2123078/0.9319755/1.473934/0/0/0/1
152#1.688889#0.9551407/-0.1031224/0.277619/-0.05529404/0.0371513/0.9717343/0.2331355/1.336341/-0.2938134/-0.2123632/0.9319742/1.473868/0/0/0/1
153#1.7#0.9551229/-0.1032129/0.2776459/-0.05531168/0.03726096/0.9717482/0.2330601/1.336322/-0.2938567/-0.2122556/0.931985/1.473985/0/0/0/1
154#1.711111#0.955129/-0.1031762/0.2776388/-0.05529904/0.03722903/0.9717523/0.2330481/1.336303/-0.2938412/-0.2122548/0.93199/1.473993/0/0/0/1
155#1.722222#0.9551474/-0.1031322/0.2775916/-0.05527401/0.03720485/0.9717606/0.2330175/1.336304/-0.2937842/-0.2122383/0.9320117/1.473931/0/0/0/1
156#1.733333#0.9551274/-0.1032312/0.2776237/-0.05532885/0.03728088/0.9717445/0.2330723/1.336337/-0.2938396/-0.2122637/0.9319884/1.47392/0/0/0/1
157#1.744444#0.9550825/-0.1032518/0.2777704/-0.05527914/0.03724949/0.9717318/0.2331304/1.336413/-0.2939895/-0.2123119/0.9319301/1.473934/0/0/0/1
158#1.755556#0.9550886/-0.1032953/0.2777336/-0.05531228/0.03730148/0.9717292/0.233133/1.336448/-0.2939634/-0.2123027/0.9319405/1.473932/0/0/0/1
159#1.766667#0.9551049/-0.1032516/0.2776934/-0.05530584/0.03723139/0.9717054/0.2332437/1.336486/-0.2939188/-0.2124334/0.9319248/1.473976/0/0/0/1
160#1.777778#0.9550859/-0.1031878/0.2777823/-0.05527544/0.03716926/0.9717255/0.2331694/1.33652/-0.2939883/-0.2123719/0.9319168/1.473981/0/0/0/1
161#1.788889#0.9551011/-0.1032042/0.2777239/-0.05533397/0.03723861/0.9717526/0.2330454/1.336363/-0.2939302/-0.2122399/0.9319653/1.473855/0/0/0/1
162#1.8#0.9550899/-0.1031717/0.277775/-0.05533218/0.03717788/0.971743/0.2330955/1.336374/-0.2939748/-0.2123001/0.9319375/1.473832/0/0/0/1
163#1.811111#0.9550896/-0.1031906/0.277769/-0.05530238/0.03719956/0.9717427/0.2330924/1.336393/-0.293973/-0.2122912/0.9319401/1.473831/0/0/0/1
164#1.822222#0.9551039/-0.1031072/0.2777503/-0.0552969/0.03710971/0.9717392/0.2331218/1.336467/-0.2939374/-0.2123483/0.9319383/1.473968/0/0/0/1
165#1.833333#0.9551089/-0.1030947/0.2777378/-0.05531108/0.03711662/0.9717516/0.2330689/1.33648/-0.2939203/-0.2122975/0.9319553/1.473973/0/0/0/1
166#1.844445#0.9551259/-0.1031532/0.277658/-0.05537319/0.03723738/0.9717795/0.2329333/1.336379/-0.2938502/-0.2121414/0.9320129/1.473871/0/0/0/1
167#1.855556#0.9551312/-0.1030395/0.277682/-0.05533266/0.03711287/0.9717818/0.2329438/1.336361/-0.2938487/-0.2121863/0.9320033/1.473877/0/0/0/1
168#1.866667#0.9551374/-0.1030958/0.2776395/-0.05533552/0.03718312/0.9717816/0.2329336/1.336366/-0.2938195/-0.2121601/0.9320183/1.473892/0/0/0/1
169#1.877778#0.9551421/-0.1030475/0.2776415/-0.05529952/0.03716581/0.9718067/0.2328314/1.3364/-0.2938066/-0.2120683/0.9320433/1.47393/0/0/0/1
170#1.888889#0.9551396/-0.1030396/0.2776531/-0.05532634/0.03715078/0.971804/0.232845/1.336401/-0.2938166/-0.2120844/0.9320365/1.473934/0/0/0/1
171#1.9#0.9551324/-0.1030241/0.2776836/-0.05536246/0.03713199/0.9718078/0.232832/1.336382/-0.2938424/-0.2120745/0.9320306/1.473974/0/0/0/1
172#1.911111#0.9551303/-0.1029605/0.2777149/-0.05540371/0.03705225/0.971805/0.2328568/1.336403/-0.2938598/-0.2121186/0.9320151/1.473971/0/0/0/1
173#1.922222#0.9551458/-0.1029987/0.2776467/-0.05540371/0.03707564/0.9717802/0.2329561/1.336423/-0.2938057/-0.2122131/0.9320108/1.473872/0/0/0/1
174#1.933333#0.955157/-0.1029548/0.2776244/-0.05541694/0.03704305/0.9717867/0.232934/1.336404/-0.2937734/-0.2122045/0.9320227/1.473859/0/0/0/1
175#1.944445#0.9551416/-0.1029324/0.2776859/-0.0553987/0.03701705/0.9717962/0.2328989/1.336501/-0.293827/-0.2121723/0.9320132/1.473935/0/0/0/1
176#1.955556#0.9551402/-0.1029315/0.2776912/-0.05533636/0.03702327/0.9718023/0.2328724/1.336468/-0.2938308/-0.2121447/0.9320183/1.473961/0/0/0/1
177#1.966667#0.9551533/-0.1028649/0.2776705/-0.05534029/0.0369418/0.9717913/0.2329312/1.336461/-0.2937982/-0.2122274/0.9320097/1.473997/0/0/0/1
178#1.977778#0.9551464/-0.1028966/0.2776828/-0.0553056/0.03697338/0.9717917/0.2329243/1.336406/-0.2938169/-0.2122099/0.9320077/1.474011/0/0/0/1
179#1.988889#0.9551796/-0.1028707/0.277578/-0.05530131/0.03697558/0.971795/0.2329107/1.336373/-0.2937085/-0.2122079/0.9320426/1.473931/0/0/0/1
180#2#0.9551622/-0.1029286/0.2776166/-0.05531597/0.03705248/0.9718125/0.2328254/1.336349/-0.2937557/-0.2120996/0.9320523/1.473928/0/0/0/1
181#2.011111#0.9551738/-0.1029701/0.2775612/-0.05529952/0.03711312/0.9718144/0.2328077/1.336337/-0.2937102/-0.2120706/0.9320732/1.473947/0/0/0/1
182#2.022222#0.9551568/-0.1030105/0.2776047/-0.05525553/0.03710764/0.9717869/0.2329235/1.336368/-0.2937661/-0.2121772/0.9320313/1.473971/0/0/0/1
183#2.033333#0.9551487/-0.1030224/0.2776281/-0.05530632/0.03712018/0.9717909/0.2329047/1.336404/-0.2937909/-0.212153/0.932029/1.473966/0/0/0/1
184#2.044445#0.955155/-0.1030867/0.2775827/-0.05532742/0.03719816/0.9717894/0.2328983/1.336386/-0.2937607/-0.2121284/0.9320441/1.473849/0/0/0/1
185#2.055556#0.9551339/-0.1031381/0.2776363/-0.05540895/0.03723676/0.971787/0.2329024/1.336405/-0.2938244/-0.2121147/0.9320272/1.473815/0/0/0/1
186#2.066667#0.955113/-0.1031369/0.2777085/-0.0553869/0.03721567/0.9717853/0.2329126/1.336451/-0.2938949/-0.2121227/0.9320031/1.473848/0/0/0/1
187#2.077778#0.9550944/-0.1031672/0.2777608/-0.05531847/0.03722879/0.9717805/0.2329301/1.336479/-0.2939533/-0.2121295/0.9319831/1.473956/0/0/0/1
188#2.088889#0.95509/-0.1030631/0.2778149/-0.05530596/0.03711173/0.9717861/0.2329257/1.336499/-0.2939827/-0.2121548/0.9319681/1.473961/0/0/0/1
189#2.1#0.9550947/-0.103112/0.2777805/-0.05533218/0.03718163/0.9717927/0.2328872/1.336413/-0.2939585/-0.212101/0.9319879/1.47396/0/0/0/1
190#2.111111#0.9551288/-0.103096/0.2776688/-0.05533302/0.03718871/0.9717906/0.2328951/1.336399/-0.2938464/-0.2121187/0.9320193/1.473973/0/0/0/1
191#2.122222#0.9551217/-0.1031436/0.277676/-0.05538106/0.03725158/0.9718005/0.2328441/1.336315/-0.293862/-0.2120506/0.9320298/1.473941/0/0/0/1
192#2.133333#0.9551211/-0.1031425/0.2776785/-0.0554136/0.03726694/0.9718127/0.23279/1.336333/-0.293862/-0.2119944/0.9320427/1.47395/0/0/0/1
193#2.144444#0.9551259/-0.1031368/0.2776642/-0.05540895/0.03728/0.971824/0.2327406/1.336374/-0.2938448/-0.2119453/0.9320592/1.473998/0/0/0/1
194#2.155556#0.9551219/-0.1030874/0.2776963/-0.05540323/0.03721884/0.9718237/0.2327516/1.336442/-0.2938656/-0.2119706/0.9320468/1.474016/0/0/0/1
195#2.166667#0.9551063/-0.1030707/0.2777562/-0.05540681/0.03716234/0.9718064/0.232833/1.336461/-0.2939235/-0.2120582/0.9320087/1.474023/0/0/0/1
196#2.177778#0.9550943/-0.1030786/0.2777942/-0.05539513/0.03713191/0.9717852/0.2329269/1.336444/-0.293966/-0.2121522/0.931974/1.473975/0/0/0/1
197#2.188889#0.9551015/-0.1030033/0.2777975/-0.05530715/0.03707743/0.9718046/0.2328544/1.336418/-0.2939496/-0.2120996/0.9319911/1.474002/0/0/0/1
198#2.2#0.9551085/-0.1029958/0.277776/-0.05530894/0.03706938/0.9718007/0.2328715/1.336369/-0.2939277/-0.2121205/0.9319931/1.4739/0/0/0/1
199#2.211111#0.9551205/-0.1030006/0.2777331/-0.05535674/0.03708657/0.9718019/0.2328641/1.336394/-0.2938867/-0.2121131/0.9320078/1.473883/0/0/0/1
200#2.222222#0.9551091/-0.1029703/0.2777838/-0.05535054/0.03705031/0.971808/0.2328439/1.336384/-0.2939286/-0.2120993/0.9319978/1.473876/0/0/0/1
201#2.233333#0.955112/-0.1030151/0.277757/-0.05540895/0.03707726/0.9717882/0.2329228/1.336407/-0.2939156/-0.2121689/0.931986/1.473858/0/0/0/1
202#2.244445#0.9551175/-0.1029148/0.2777754/-0.05542278/0.03702217/0.9718291/0.2327604/1.336405/-0.2939047/-0.2120296/0.9320211/1.473901/0/0/0/1
203#2.255556#0.9551215/-0.1028744/0.2777764/-0.05539834/0.03698669/0.971835/0.2327417/1.336484/-0.293896/-0.2120225/0.9320257/1.473972/0/0/0/1
204#2.266667#0.9551151/-0.1029109/0.2777849/-0.05540597/0.03703292/0.9718416/0.2327067/1.33649/-0.293911/-0.2119745/0.9320318/1.473981/0/0/0/1
205#2.277778#0.9550979/-0.1029719/0.2778215/-0.05538535/0.03707091/0.9718282/0.2327563/1.336469/-0.2939621/-0.2120059/0.9320084/1.473946/0/0/0/1
206#2.288889#0.9550874/-0.1029791/0.277855/-0.05538774/0.03705963/0.9718205/0.2327905/1.336478/-0.2939978/-0.212038/0.9319899/1.473946/0/0/0/1
207#2.3#0.9551004/-0.102947/0.2778223/-0.05532718/0.03705677/0.9718375/0.2327202/1.336471/-0.293956/-0.2119759/0.9320172/1.473979/0/0/0/1
208#2.311111#0.9551116/-0.1029711/0.2777746/-0.05531836/0.03708335/0.9718297/0.2327485/1.336474/-0.293916/-0.212/0.9320244/1.473983/0/0/0/1
209#2.322222#0.955133/-0.1029822/0.2776976/-0.05537105/0.03712191/0.9718353/0.2327186/1.336403/-0.2938423/-0.2119685/0.9320547/1.47394/0/0/0/1
210#2.333333#0.9551338/-0.1030223/0.2776795/-0.05538917/0.03719107/0.9718511/0.2326418/1.336403/-0.2938304/-0.2118768/0.9320793/1.473935/0/0/0/1
211#2.344445#0.9551378/-0.1030218/0.2776659/-0.05538058/0.03715298/0.9718216/0.2327712/1.336463/-0.2938222/-0.2120125/0.9320511/1.473997/0/0/0/1
212#2.355556#0.9551544/-0.103131/0.2775683/-0.05543971/0.03732232/0.9718422/0.2326581/1.33646/-0.2937469/-0.2118649/0.9321084/1.473971/0/0/0/1
213#2.366667#0.9551511/-0.1030865/0.2775959/-0.05544615/0.03725811/0.9718351/0.2326979/1.336468/-0.2937655/-0.211919/0.9320902/1.473976/0/0/0/1
214#2.377778#0.9551557/-0.1031283/0.2775645/-0.0554446/0.03731372/0.9718375/0.2326794/1.336507/-0.2937433/-0.2118881/0.9321042/1.473986/0/0/0/1
215#2.388889#0.9551361/-0.1031138/0.2776374/-0.05535293/0.0372827/0.9718391/0.2326775/1.336472/-0.2938111/-0.2118876/0.9320831/1.474001/0/0/0/1
216#2.4#0.9551752/-0.103163/0.2774847/-0.0553937/0.03735787/0.9718283/0.23271/1.336387/-0.2936745/-0.2119126/0.9321203/1.473916/0/0/0/1
217#2.411111#0.9551795/-0.1031544/0.2774735/-0.05545354/0.03734712/0.9718254/0.2327245/1.336439/-0.2936624/-0.2119308/0.93212/1.473899/0/0/0/1
218#2.422222#0.9551899/-0.103205/0.2774186/-0.05547333/0.03742818/0.9718351/0.2326708/1.336437/-0.2936178/-0.2118615/0.9321498/1.473889/0/0/0/1
219#2.433333#0.9551899/-0.103239/0.2774057/-0.05548179/0.03745584/0.9718264/0.2327025/1.33641/-0.2936141/-0.2118846/0.9321457/1.473879/0/0/0/1
220#2.444444#0.9551954/-0.1031369/0.2774248/-0.05546284/0.03735721/0.9718375/0.2326718/1.336476/-0.2936088/-0.2118832/0.9321477/1.473884/0/0/0/1
221#2.455556#0.9551713/-0.1031564/0.2775006/-0.05540895/0.03733707/0.9718215/0.2327428/1.336475/-0.29369/-0.2119482/0.9321074/1.47388/0/0/0/1
222#2.466667#0.9551709/-0.1031423/0.2775074/-0.05541849/0.03734666/0.9718403/0.232662/1.336465/-0.2936901/-0.211868/0.9321256/1.47394/0/0/0/1
223#2.477778#0.9551553/-0.1029703/0.2776247/-0.05531776/0.03716955/0.9718661/0.2325825/1.336486/-0.2937631/-0.2118332/0.9321105/1.473936/0/0/0/1
224#2.488889#0.9551637/-0.1030249/0.2775754/-0.05531311/0.03720622/0.9718418/0.2326785/1.336497/-0.2937311/-0.2119186/0.9321011/1.473929/0/0/0/1
225#2.5#0.9551465/-0.1029606/0.2776587/-0.05535865/0.03712031/0.971844/0.2326825/1.336519/-0.2937981/-0.2119391/0.9320754/1.473938/0/0/0/1
226#2.511111#0.9551706/-0.1029493/0.2775797/-0.05538106/0.03715684/0.9718651/0.2325883/1.336518/-0.2937149/-0.2118474/0.9321226/1.473941/0/0/0/1
227#2.522222#0.9551594/-0.1028872/0.2776412/-0.05537391/0.03706441/0.9718574/0.2326358/1.336498/-0.2937629/-0.2119137/0.9320922/1.473914/0/0/0/1
228#2.533333#0.9551543/-0.1028511/0.2776721/-0.05542183/0.03703168/0.971867/0.2326005/1.336504/-0.2937835/-0.2118867/0.9320919/1.473894/0/0/0/1
229#2.544445#0.9551809/-0.1027352/0.2776238/-0.05543935/0.03694821/0.9718879/0.2325266/1.336511/-0.2937079/-0.2118472/0.9321247/1.473933/0/0/0/1
230#2.555556#0.9551553/-0.1027735/0.2776978/-0.05541778/0.03696303/0.9718821/0.2325488/1.336469/-0.2937894/-0.2118557/0.9320971/1.473913/0/0/0/1
231#2.566667#0.9551668/-0.1027552/0.2776648/-0.05543184/0.03695107/0.9718817/0.232552/1.336423/-0.2937533/-0.211866/0.9321061/1.473854/0/0/0/1
232#2.577778#0.955149/-0.1027482/0.2777283/-0.05534935/0.03693601/0.9718874/0.2325306/1.336487/-0.2938128/-0.2118431/0.9320925/1.473904/0/0/0/1
233#2.588889#0.9551741/-0.102689/0.2776641/-0.05529916/0.03688569/0.9718857/0.2325461/1.336477/-0.2937377/-0.2118802/0.9321078/1.473906/0/0/0/1
234#2.6#0.9551753/-0.1027024/0.277655/-0.05530715/0.03691934/0.971898/0.2324894/1.336452/-0.2937295/-0.2118173/0.9321246/1.473946/0/0/0/1
235#2.611111#0.9551529/-0.1027864/0.2777013/-0.05534101/0.0369874/0.9718903/0.2325107/1.3365/-0.2937941/-0.2118118/0.9321055/1.473947/0/0/0/1
236#2.622222#0.9551815/-0.1028331/0.2775853/-0.05539584/0.03707203/0.9718949/0.2324778/1.336436/-0.2936902/-0.2117678/0.9321482/1.47395/0/0/0/1
237#2.633333#0.9551705/-0.1028484/0.2776173/-0.0553242/0.03710218/0.9719105/0.232408/1.336424/-0.2937219/-0.2116891/0.9321562/1.473967/0/0/0/1
238#2.644444#0.9551405/-0.1029438/0.2776856/-0.05534565/0.03712663/0.9718663/0.2325886/1.336434/-0.2938168/-0.2118452/0.9320909/1.473921/0/0/0/1
239#2.655556#0.9551491/-0.1030077/0.2776321/-0.05534828/0.0371768/0.9718437/0.2326749/1.336433/-0.2937824/-0.2119178/0.9320852/1.473925/0/0/0/1
240#2.666667#0.9551455/-0.10311/0.2776062/-0.05539608/0.03729325/0.9718441/0.2326547/1.336444/-0.2937789/-0.2118662/0.932098/1.473919/0/0/0/1
241#2.677778#0.9551666/-0.1031712/0.2775111/-0.05542088/0.03735256/0.9718229/0.2327337/1.33643/-0.293703/-0.2119337/0.9321066/1.473935/0/0/0/1
242#2.688889#0.9551681/-0.1031939/0.2774977/-0.05541611/0.03739227/0.9718318/0.232691/1.336396/-0.2936934/-0.2118827/0.9321213/1.473938/0/0/0/1
243#2.7#0.9551702/-0.1032286/0.2774774/-0.05541694/0.03741768/0.9718195/0.2327372/1.336397/-0.2936831/-0.211921/0.9321157/1.473944/0/0/0/1
244#2.711111#0.955182/-0.1032446/0.277431/-0.05545592/0.0374558/0.9718266/0.2327018/1.336393/-0.29364/-0.2118812/0.9321383/1.473951/0/0/0/1
245#2.722222#0.9551377/-0.1031781/0.2776082/-0.05541801/0.03734919/0.9718322/0.2326956/1.336453/-0.2937977/-0.2118879/0.9320873/1.474031/0/0/0/1
246#2.733333#0.955143/-0.1032362/0.2775679/-0.05546546/0.03738162/0.9718036/0.2328098/1.33648/-0.2937758/-0.2119907/0.9320708/1.474047/0/0/0/1
247#2.744445#0.955178/-0.1032522/0.2774418/-0.05544341/0.03739776/0.9717806/0.2329028/1.336465/-0.2936603/-0.212088/0.9320849/1.473898/0/0/0/1
248#2.755556#0.955163/-0.1032512/0.2774939/-0.05546379/0.03736215/0.9717648/0.2329744/1.33649/-0.2937137/-0.2121607/0.9320515/1.473894/0/0/0/1
249#2.766667#0.9551644/-0.1033275/0.2774608/-0.05545294/0.03743923/0.9717556/0.2330003/1.336499/-0.2936994/-0.2121657/0.9320551/1.473893/0/0/0/1
250#2.777778#0.9551362/-0.103273/0.2775778/-0.05543101/0.03734466/0.9717501/0.2330387/1.336511/-0.2938028/-0.2122176/0.9320105/1.473929/0/0/0/1
251#2.788889#0.9551336/-0.1032279/0.2776037/-0.05542016/0.03730438/0.9717605/0.2330019/1.336527/-0.2938166/-0.212192/0.932012/1.473936/0/0/0/1
252#2.8#0.9551213/-0.1031086/0.2776902/-0.05541778/0.03720527/0.9717965/0.2328676/1.336533/-0.293869/-0.2120853/0.9320198/1.473937/0/0/0/1
253#2.811111#0.9551017/-0.1031205/0.277753/-0.05541492/0.03719488/0.971791/0.2328926/1.336521/-0.2939337/-0.2121052/0.9319948/1.473932/0/0/0/1
254#2.822222#0.9551225/-0.1031038/0.2776881/-0.05545092/0.03713703/0.9717506/0.2330698/1.33651/-0.293874/-0.2122977/0.9319698/1.47386/0/0/0/1
255#2.833333#0.9551002/-0.1031154/0.2777604/-0.05546498/0.03714063/0.9717569/0.2330429/1.336504/-0.2939459/-0.2122631/0.931955/1.473844/0/0/0/1
256#2.844445#0.9550852/-0.1030678/0.2778298/-0.05551624/0.03708901/0.9717687/0.233002/1.336454/-0.2940013/-0.2122323/0.9319446/1.473898/0/0/0/1
257#2.855556#0.95464/-0.1025523/0.2795453/-0.05587661/0.03616167/0.9717999/0.2330177/1.336429/-0.2955586/-0.2123392/0.9314277/1.473935/0/0/0/1
258#2.866667#0.9530567/-0.1049463/0.2840233/-0.05570269/0.03738398/0.9716213/0.2335689/1.336446/-0.3004752/-0.2119865/0.9299335/1.473917/0/0/0/1
259#2.877778#0.9523868/-0.1190717/0.2806801/-0.05620885/0.05195794/0.9705057/0.2354127/1.33641/-0.3004326/-0.2096204/0.9304836/1.474236/0/0/0/1
260#2.888889#0.9504791/-0.146537/0.2740732/-0.05793571/0.08091941/0.9681338/0.2369996/1.336661/-0.3000688/-0.2030854/0.9320489/1.475042/0/0/0/1
261#2.9#0.9467018/-0.1753641/0.2701911/-0.05941367/0.1103307/0.9646099/0.2394887/1.336919/-0.3026268/-0.196914/0.932546/1.475896/0/0/0/1
262#2.911111#0.940473/-0.2126584/0.265117/-0.06149483/0.1483363/0.9586744/0.2427752/1.337063/-0.305789/-0.188997/0.9331524/1.477125/0/0/0/1
263#2.922222#0.9337104/-0.2470367/0.2591481/-0.06352568/0.1837662/0.9518758/0.2452803/1.337101/-0.3072701/-0.1813981/0.9341733/1.478237/0/0/0/1
264#2.933333#0.9280946/-0.2739571/0.2521662/-0.06530964/0.2121606/0.9456356/0.246498/1.337058/-0.3059873/-0.1752737/0.9357622/1.47899/0/0/0/1
265#2.944444#0.9231124/-0.2966803/0.2446309/-0.06725264/0.2366718/0.9397643/0.2466365/1.336521/-0.3030676/-0.1697759/0.9377239/1.479667/0/0/0/1
266#2.955556#0.9196076/-0.3171919/0.2317566/-0.06885219/0.2611628/0.9343414/0.2424879/1.336362/-0.2934549/-0.1624675/0.942066/1.47957/0/0/0/1
267#2.966667#0.9136559/-0.3433012/0.2176637/-0.07075596/0.2906412/0.9260786/0.2406371/1.33648/-0.2841847/-0.1565975/0.9458946/1.479593/0/0/0/1
268#2.977778#0.9084862/-0.3665552/0.2007239/-0.07295966/0.3191387/0.9185996/0.2330778/1.336654/-0.2698208/-0.1476892/0.951517/1.479756/0/0/0/1
269#2.988889#0.9031508/-0.3931882/0.1724005/-0.07515979/0.3545989/0.9095489/0.21675/1.33769/-0.2420302/-0.1346248/0.9608839/1.478999/0/0/0/1
270#3#0.8951092/-0.4222414/0.1431496/-0.07847118/0.3911051/0.8977774/0.2025647/1.337388/-0.2140477/-0.1253309/0.9687496/1.479299/0/0/0/1
271#3.011111#0.9077078/-0.401988/0.1203004/-0.07958293/0.3770394/0.9072094/0.1865805/1.337779/-0.1841408/-0.1240026/0.9750463/1.478665/0/0/0/1
272#3.022222#0.9173441/-0.3861322/0.09685913/-0.08253121/0.3678713/0.9152166/0.1644666/1.336846/-0.152153/-0.1152408/0.9816155/1.479431/0/0/0/1
273#3.033333#0.9174749/-0.3837444/0.1047848/-0.08444214/0.3649351/0.9167951/0.1622005/1.337312/-0.1583097/-0.1105753/0.9811785/1.479738/0/0/0/1
274#3.044445#0.9209632/-0.3671551/0.1304771/-0.08221626/0.3460931/0.9246312/0.1589867/1.336056/-0.179016/-0.1012636/0.9786209/1.480983/0/0/0/1
275#3.055556#0.925379/-0.3523524/0.1397189/-0.08269322/0.3316024/0.9311122/0.151888/1.337188/-0.1836121/-0.09422278/0.9784726/1.481167/0/0/0/1
276#3.066667#0.9379283/-0.311538/0.1524288/-0.08046293/0.2916743/0.9463112/0.1393597/1.338875/-0.1876609/-0.08624981/0.9784397/1.4805/0/0/0/1
277#3.077778#0.9436057/-0.2869934/0.1650551/-0.07904768/0.2686066/0.9550931/0.1250901/1.340425/-0.193543/-0.07370086/0.9783196/1.478906/0/0/0/1
278#3.088889#0.946824/-0.2678379/0.1782894/-0.07919478/0.2521038/0.9618608/0.1061472/1.341654/-0.1999199/-0.05555529/0.9782361/1.477085/0/0/0/1
279#3.1#0.9542657/-0.2257103/0.1960403/-0.07883167/0.2129123/0.9734232/0.08435349/1.343619/-0.2098696/-0.03875627/0.9769609/1.474329/0/0/0/1
280#3.111111#0.9619055/-0.1790475/0.2065907/-0.07786584/0.1675461/0.9832291/0.07203251/1.344626/-0.2160233/-0.03467501/0.9757723/1.471884/0/0/0/1
