0#0#0.976319/-0.03864093/0.2128568/-0.6533382/0.02457962/0.9973609/0.06831541/0.6356643/-0.2149349/-0.06146569/0.9746922/-0.2742175/0/0/0/1
1#0.01111111#0.976319/-0.03864093/0.2128568/-0.6533382/0.02457962/0.9973609/0.06831541/0.6356643/-0.2149349/-0.06146569/0.9746922/-0.2742175/0/0/0/1
2#0.02222222#0.9763184/-0.03864031/0.2128601/-0.6533049/0.02457792/0.9973607/0.06831929/0.6356729/-0.2149382/-0.06146972/0.9746913/-0.2742243/0/0/0/1
3#0.03333334#0.9763184/-0.03864031/0.2128601/-0.6533049/0.02457792/0.9973607/0.06831929/0.6356729/-0.2149382/-0.06146972/0.9746913/-0.2742243/0/0/0/1
4#0.04444445#0.9763184/-0.03864031/0.2128601/-0.6533049/0.02457792/0.9973607/0.06831929/0.6356729/-0.2149382/-0.06146972/0.9746913/-0.2742243/0/0/0/1
5#0.05555556#0.9763184/-0.03864031/0.2128601/-0.6533049/0.02457792/0.9973607/0.06831929/0.6356729/-0.2149382/-0.06146972/0.9746913/-0.2742243/0/0/0/1
6#0.06666667#0.9763184/-0.03864031/0.2128601/-0.6533049/0.02457792/0.9973607/0.06831929/0.6356729/-0.2149382/-0.06146972/0.9746913/-0.2742243/0/0/0/1
7#0.07777778#0.9763184/-0.03864031/0.2128601/-0.6533049/0.02457792/0.9973607/0.06831929/0.6356729/-0.2149382/-0.06146972/0.9746913/-0.2742243/0/0/0/1
8#0.08888889#0.9763184/-0.03864031/0.2128601/-0.6533049/0.02457792/0.9973607/0.06831929/0.6356729/-0.2149382/-0.06146972/0.9746913/-0.2742243/0/0/0/1
9#0.1#0.9763184/-0.03864031/0.2128601/-0.6533049/0.02457792/0.9973607/0.06831929/0.6356729/-0.2149382/-0.06146972/0.9746913/-0.2742243/0/0/0/1
10#0.1111111#0.9763184/-0.03864031/0.2128601/-0.6533049/0.02457792/0.9973607/0.06831929/0.6356729/-0.2149382/-0.06146972/0.9746913/-0.2742243/0/0/0/1
11#0.1222222#0.9763184/-0.03864031/0.2128601/-0.6533049/0.02457792/0.9973607/0.06831929/0.6356729/-0.2149382/-0.06146972/0.9746913/-0.2742243/0/0/0/1
12#0.1333333#0.9763184/-0.03864031/0.2128601/-0.6533049/0.02457792/0.9973607/0.06831929/0.6356729/-0.2149382/-0.06146972/0.9746913/-0.2742243/0/0/0/1
13#0.1444445#0.9763184/-0.03864031/0.2128601/-0.6533049/0.02457792/0.9973607/0.06831929/0.6356729/-0.2149382/-0.06146972/0.9746913/-0.2742243/0/0/0/1
14#0.1555556#0.9763184/-0.03864031/0.2128601/-0.6533049/0.02457792/0.9973607/0.06831929/0.6356729/-0.2149382/-0.06146972/0.9746913/-0.2742243/0/0/0/1
15#0.1666667#0.9761642/-0.0392678/0.2134515/-0.6546416/0.02518646/0.9973472/0.06829427/0.6348398/-0.2155671/-0.06129033/0.9745637/-0.2735932/0/0/0/1
16#0.1777778#0.9761642/-0.0392678/0.2134515/-0.6546416/0.02518646/0.9973472/0.06829427/0.6348398/-0.2155671/-0.06129033/0.9745637/-0.2735932/0/0/0/1
17#0.1888889#0.9761625/-0.03944369/0.2134268/-0.654536/0.02540144/0.9973524/0.06814198/0.6349379/-0.2155494/-0.06109631/0.9745798/-0.2736163/0/0/0/1
18#0.2#0.9761686/-0.03951032/0.2133863/-0.6545148/0.02548026/0.9973527/0.06810506/0.6349375/-0.2155123/-0.06104488/0.9745912/-0.2735828/0/0/0/1
19#0.2111111#0.9761497/-0.0395741/0.213461/-0.6545637/0.02550282/0.9973404/0.06827611/0.6349005/-0.2155952/-0.06120385/0.9745629/-0.2735473/0/0/0/1
20#0.2222222#0.9761642/-0.03914137/0.2134749/-0.6545563/0.02506271/0.9973527/0.06826292/0.634905/-0.2155816/-0.06128557/0.9745607/-0.2735158/0/0/0/1
21#0.2333333#0.9761605/-0.03945407/0.2134342/-0.6545155/0.02541993/0.9973543/0.0681042/0.6349382/-0.2155565/-0.06105515/0.9745808/-0.2735245/0/0/0/1
22#0.2444444#0.9761436/-0.03938735/0.2135232/-0.654541/0.02533223/0.9973523/0.06816661/0.6349546/-0.2156428/-0.06113139/0.9745569/-0.2735169/0/0/0/1
23#0.2555556#0.9762/-0.03934028/0.2132741/-0.6545119/0.02529617/0.9973521/0.06818447/0.6349856/-0.2153918/-0.06116667/0.9746102/-0.2735326/0/0/0/1
24#0.2666667#0.9761543/-0.03940302/0.2134715/-0.6545209/0.0253279/0.9973451/0.0682736/0.6349733/-0.2155949/-0.06123879/0.9745607/-0.2735162/0/0/0/1
25#0.2777778#0.9761392/-0.03934713/0.2135505/-0.6545103/0.02523714/0.9973385/0.0684028/0.6349432/-0.2156736/-0.06138126/0.9745344/-0.2735345/0/0/0/1
26#0.2888889#0.976198/-0.03929346/0.2132922/-0.6544762/0.02521858/0.9973451/0.06831384/0.6349649/-0.2154102/-0.06130891/0.9745972/-0.2735418/0/0/0/1
27#0.3#0.9761674/-0.03935587/0.2134205/-0.6544774/0.02526325/0.9973406/0.0683629/0.6349447/-0.2155434/-0.06134194/0.9745657/-0.2735685/0/0/0/1
28#0.3111111#0.9761747/-0.03920536/0.2134148/-0.654474/0.02512372/0.9973484/0.06830015/0.6349592/-0.2155267/-0.06131111/0.9745712/-0.2735755/0/0/0/1
29#0.3222222#0.9761652/-0.03939785/0.2134227/-0.6544683/0.0253055/0.9973393/0.06836517/0.6349827/-0.2155483/-0.06133493/0.974565/-0.2735599/0/0/0/1
30#0.3333333#0.9761577/-0.03935781/0.2134641/-0.6545534/0.02529588/0.9973502/0.06821167/0.6349326/-0.2155831/-0.0611856/0.9745667/-0.2735091/0/0/0/1
31#0.3444445#0.9761384/-0.03930914/0.2135619/-0.6545553/0.02522257/0.9973466/0.06828989/0.634966/-0.2156797/-0.0612738/0.9745398/-0.2735643/0/0/0/1
32#0.3555556#0.9761419/-0.03956164/0.2134992/-0.6545459/0.02544292/0.997328/0.06847823/0.6349772/-0.2156378/-0.06141241/0.9745405/-0.2735403/0/0/0/1
33#0.3666667#0.9761329/-0.03938872/0.213572/-0.6545618/0.02529931/0.9973434/0.06830763/0.6349329/-0.2156952/-0.0612741/0.9745364/-0.2735102/0/0/0/1
34#0.3777778#0.9761465/-0.03938694/0.2135107/-0.6545556/0.02529314/0.9973412/0.06834505/0.634931/-0.2156349/-0.06131443/0.9745471/-0.2735116/0/0/0/1
35#0.3888889#0.9761465/-0.03938694/0.2135107/-0.6545556/0.02529314/0.9973412/0.06834505/0.634931/-0.2156349/-0.06131443/0.9745471/-0.2735116/0/0/0/1
36#0.4#0.9761249/-0.03943433/0.2136001/-0.6545557/0.02532909/0.9973381/0.06837544/0.6349369/-0.2157279/-0.06133267/0.9745254/-0.273519/0/0/0/1
37#0.4111111#0.9761353/-0.0394221/0.2135551/-0.6545684/0.02534185/0.9973447/0.06827439/0.634935/-0.2156796/-0.06123316/0.9745424/-0.2734944/0/0/0/1
38#0.4222222#0.9761643/-0.03933247/0.2134391/-0.6545467/0.02522501/0.9973376/0.06842227/0.6349089/-0.215562/-0.06140739/0.9745573/-0.2734948/0/0/0/1
39#0.4333333#0.9761488/-0.03929908/0.2135162/-0.654557/0.0252038/0.9973436/0.06834154/0.634932/-0.2156347/-0.06133009/0.9745462/-0.2735034/0/0/0/1
40#0.4444444#0.976135/-0.03940831/0.2135593/-0.6545595/0.02530457/0.9973385/0.06837803/0.6349242/-0.2156855/-0.06134216/0.9745342/-0.2734821/0/0/0/1
41#0.4555556#0.9761586/-0.03922645/0.2134844/-0.6545531/0.02514112/0.997348/0.06829868/0.6349268/-0.2155974/-0.06130311/0.9745561/-0.2734563/0/0/0/1
42#0.4666667#0.9761586/-0.03927348/0.2134755/-0.6545656/0.02519572/0.9973485/0.06827167/0.6349206/-0.2155907/-0.0612653/0.97456/-0.273435/0/0/0/1
43#0.4777778#0.9761785/-0.03924419/0.2133905/-0.6545635/0.02514325/0.9973412/0.06839831/0.6348894/-0.2155074/-0.06140363/0.9745697/-0.273479/0/0/0/1
44#0.4888889#0.9761745/-0.03911094/0.2134332/-0.6545343/0.0249696/0.9973348/0.0685555/0.6348877/-0.2155456/-0.06159279/0.9745494/-0.2734643/0/0/0/1
45#0.5#0.9761215/-0.03927519/0.213645/-0.6545576/0.02516278/0.9973422/0.06837915/0.6348945/-0.2157627/-0.06137048/0.9745153/-0.2735021/0/0/0/1
46#0.5111111#0.976099/-0.03932877/0.213738/-0.6545463/0.02518842/0.9973342/0.06848352/0.6349185/-0.2158616/-0.06146298/0.9744876/-0.2735215/0/0/0/1
47#0.5222222#0.9761526/-0.03929709/0.2134991/-0.6545367/0.02519717/0.997342/0.06836723/0.6349041/-0.2156183/-0.06135728/0.974548/-0.2735682/0/0/0/1
48#0.5333334#0.9761369/-0.0392728/0.2135752/-0.6545026/0.02516701/0.9973425/0.06836933/0.6349517/-0.2156927/-0.06136277/0.9745313/-0.273608/0/0/0/1
49#0.5444444#0.9761559/-0.03907616/0.2135247/-0.6545563/0.0249446/0.9973405/0.06848118/0.6348923/-0.2156328/-0.06152203/0.9745345/-0.2735708/0/0/0/1
50#0.5555556#0.9761174/-0.03908699/0.2136984/-0.6545599/0.02495361/0.9973431/0.06843986/0.6349001/-0.2158057/-0.06147278/0.9744993/-0.2735293/0/0/0/1
51#0.5666667#0.9761559/-0.03928407/0.2134858/-0.6544964/0.02516152/0.9973356/0.06847216/0.6349382/-0.2156069/-0.06146788/0.9745437/-0.2735476/0/0/0/1
52#0.5777778#0.9761769/-0.03913162/0.2134192/-0.6544698/0.02502132/0.9973427/0.06842125/0.6349518/-0.2155295/-0.0614512/0.974562/-0.2735082/0/0/0/1
53#0.5888889#0.9761473/-0.03927797/0.2135269/-0.6544663/0.02516979/0.9973408/0.06839464/0.6349622/-0.2156455/-0.06138881/0.9745401/-0.2735226/0/0/0/1
54#0.6#0.976168/-0.03925904/0.2134357/-0.6544608/0.02513921/0.9973363/0.06847204/0.634957/-0.2155553/-0.06147461/0.9745547/-0.2735261/0/0/0/1
55#0.6111111#0.9761581/-0.03922526/0.213487/-0.6544957/0.0251161/0.9973414/0.06840552/0.634964/-0.2156026/-0.06141264/0.9745481/-0.2735062/0/0/0/1
56#0.6222222#0.9761581/-0.03922526/0.213487/-0.6544957/0.0251161/0.9973414/0.06840552/0.634964/-0.2156026/-0.06141264/0.9745481/-0.2735062/0/0/0/1
57#0.6333333#0.9761581/-0.03922526/0.213487/-0.6544957/0.0251161/0.9973414/0.06840552/0.634964/-0.2156026/-0.06141264/0.9745481/-0.2735062/0/0/0/1
58#0.6444445#0.9761581/-0.03922526/0.213487/-0.6544957/0.0251161/0.9973414/0.06840552/0.634964/-0.2156026/-0.06141264/0.9745481/-0.2735062/0/0/0/1
59#0.6555555#0.9761581/-0.03922526/0.213487/-0.6544957/0.0251161/0.9973414/0.06840552/0.634964/-0.2156026/-0.06141264/0.9745481/-0.2735062/0/0/0/1
60#0.6666667#0.9761581/-0.03922526/0.213487/-0.6544957/0.0251161/0.9973414/0.06840552/0.634964/-0.2156026/-0.06141264/0.9745481/-0.2735062/0/0/0/1
61#0.6777778#0.9761581/-0.03922526/0.213487/-0.6544957/0.0251161/0.9973414/0.06840552/0.634964/-0.2156026/-0.06141264/0.9745481/-0.2735062/0/0/0/1
62#0.6888889#0.9761581/-0.03922526/0.213487/-0.6544957/0.0251161/0.9973414/0.06840552/0.634964/-0.2156026/-0.06141264/0.9745481/-0.2735062/0/0/0/1
63#0.7#0.9761581/-0.03922526/0.213487/-0.6544957/0.0251161/0.9973414/0.06840552/0.634964/-0.2156026/-0.06141264/0.9745481/-0.2735062/0/0/0/1
64#0.7111111#0.9761581/-0.03922526/0.213487/-0.6544957/0.0251161/0.9973414/0.06840552/0.634964/-0.2156026/-0.06141264/0.9745481/-0.2735062/0/0/0/1
65#0.7222223#0.9761581/-0.03922526/0.213487/-0.6544957/0.0251161/0.9973414/0.06840552/0.634964/-0.2156026/-0.06141264/0.9745481/-0.2735062/0/0/0/1
66#0.7333333#0.9761581/-0.03922526/0.213487/-0.6544957/0.0251161/0.9973414/0.06840552/0.634964/-0.2156026/-0.06141264/0.9745481/-0.2735062/0/0/0/1
67#0.7444445#0.9761581/-0.03922526/0.213487/-0.6544957/0.0251161/0.9973414/0.06840552/0.634964/-0.2156026/-0.06141264/0.9745481/-0.2735062/0/0/0/1
68#0.7555556#0.9761581/-0.03922526/0.213487/-0.6544957/0.0251161/0.9973414/0.06840552/0.634964/-0.2156026/-0.06141264/0.9745481/-0.2735062/0/0/0/1
69#0.7666667#0.9761581/-0.03922526/0.213487/-0.6544957/0.0251161/0.9973414/0.06840552/0.634964/-0.2156026/-0.06141264/0.9745481/-0.2735062/0/0/0/1
70#0.7777778#0.9761581/-0.03922526/0.213487/-0.6544957/0.0251161/0.9973414/0.06840552/0.634964/-0.2156026/-0.06141264/0.9745481/-0.2735062/0/0/0/1
71#0.7888889#0.9761581/-0.03922526/0.213487/-0.6544957/0.0251161/0.9973414/0.06840552/0.634964/-0.2156026/-0.06141264/0.9745481/-0.2735062/0/0/0/1
72#0.8#0.9761725/-0.0393325/0.2134011/-0.6544683/0.02524849/0.9973434/0.06832727/0.6349325/-0.2155217/-0.06131116/0.9745723/-0.2735815/0/0/0/1
73#0.8111112#0.9761223/-0.03940907/0.2136174/-0.654469/0.02531077/0.9973413/0.06833658/0.6348984/-0.2157426/-0.06129804/0.9745243/-0.2735643/0/0/0/1
74#0.8222222#0.9761465/-0.03912987/0.2135576/-0.6544573/0.02504586/0.9973531/0.06826196/0.6349119/-0.2156634/-0.06128494/0.9745427/-0.2735521/0/0/0/1
75#0.8333334#0.9761349/-0.03934286/0.2135717/-0.6544859/0.02524096/0.9973414/0.06835964/0.6348988/-0.2156933/-0.06133747/0.9745328/-0.2735369/0/0/0/1
76#0.8444445#0.976106/-0.03950987/0.2136728/-0.6544771/0.02542238/0.9973421/0.06828162/0.6348928/-0.2158027/-0.06121803/0.974516/-0.2735318/0/0/0/1
77#0.8555556#0.9761928/-0.03938161/0.2132994/-0.65449/0.02531448/0.9973446/0.06828532/0.6348733/-0.2154222/-0.06126009/0.9745975/-0.2735887/0/0/0/1
78#0.8666667#0.9761648/-0.03935469/0.2134335/-0.6545055/0.02529789/0.997351/0.06819709/0.6348823/-0.215552/-0.06117217/0.9745744/-0.2735784/0/0/0/1
79#0.8777778#0.9761533/-0.03934399/0.2134871/-0.6545148/0.02527652/0.9973494/0.06822877/0.634869/-0.2156056/-0.06120552/0.9745606/-0.2735795/0/0/0/1
80#0.8888889#0.9761691/-0.03945043/0.2133953/-0.6544864/0.02536559/0.9973392/0.06834436/0.6348933/-0.2155237/-0.06130276/0.9745725/-0.2736005/0/0/0/1
81#0.9#0.9761629/-0.03948083/0.2134182/-0.6544988/0.02538365/0.9973353/0.06839643/0.6349217/-0.2155498/-0.06134873/0.9745637/-0.2735959/0/0/0/1
82#0.9111111#0.9761944/-0.03949286/0.2132716/-0.6544373/0.02545352/0.9973483/0.06817865/0.634995/-0.2153986/-0.0611271/0.9746112/-0.2736565/0/0/0/1
83#0.9222223#0.9761854/-0.03932929/0.2133433/-0.6544521/0.02526114/0.9973469/0.06827209/0.6349989/-0.2154623/-0.06125692/0.9745889/-0.2736486/0/0/0/1
84#0.9333333#0.9761885/-0.03925499/0.2133423/-0.6543648/0.02516473/0.9973429/0.06836507/0.6350591/-0.2154591/-0.0613685/0.9745826/-0.2736906/0/0/0/1
85#0.9444445#0.9761739/-0.03924972/0.2134103/-0.6543136/0.02516434/0.9973459/0.06832274/0.6350706/-0.2155255/-0.06132455/0.9745707/-0.273701/0/0/0/1
86#0.9555556#0.9761862/-0.03901891/0.213396/-0.6543033/0.02493055/0.9973521/0.06831771/0.635079/-0.2154966/-0.06137073/0.9745742/-0.273703/0/0/0/1
87#0.9666667#0.9761693/-0.03937563/0.2134082/-0.6543558/0.02526726/0.9973353/0.06843964/0.6349971/-0.2155344/-0.06141644/0.9745629/-0.2736864/0/0/0/1
88#0.9777778#0.9761834/-0.03919431/0.2133769/-0.6543328/0.02511313/0.9973481/0.06830802/0.6349905/-0.2154883/-0.06132259/0.974579/-0.2736672/0/0/0/1
89#0.9888889#0.9762025/-0.0392542/0.2132785/-0.6544137/0.0251714/0.9973438/0.06834981/0.6349672/-0.215395/-0.06135474/0.9745977/-0.27364/0/0/0/1
90#1#0.97622/-0.03922339/0.2132042/-0.6544037/0.0251114/0.997335/0.06850054/0.6349666/-0.2153229/-0.06151775/0.9746032/-0.2736349/0/0/0/1
91#1.011111#0.9761996/-0.03922921/0.2132967/-0.6544348/0.02516094/0.9973491/0.06827633/0.634903/-0.2154097/-0.06128458/0.9745988/-0.2736065/0/0/0/1
92#1.022222#0.9762086/-0.03913664/0.2132721/-0.6544259/0.02506621/0.9973511/0.06828417/0.6349338/-0.2153795/-0.06131368/0.9746037/-0.2736374/0/0/0/1
93#1.033333#0.9762082/-0.03918456/0.2132656/-0.6544175/0.02511793/0.9973504/0.06827361/0.6349294/-0.2153758/-0.06129247/0.9746057/-0.2736499/0/0/0/1
94#1.044444#0.9762403/-0.0391769/0.2131197/-0.6544594/0.02514213/0.9973567/0.06817101/0.6349262/-0.2152271/-0.061193/0.9746449/-0.273618/0/0/0/1
95#1.055556#0.9761765/-0.03921941/0.213404/-0.6544783/0.0251422/0.997349/0.06828463/0.6349257/-0.2155164/-0.06129241/0.9745747/-0.2736081/0/0/0/1
96#1.066667#0.9761795/-0.03920721/0.2133923/-0.6544968/0.02515033/0.997355/0.06819487/0.6349449/-0.2155017/-0.06120355/0.9745835/-0.2736151/0/0/0/1
97#1.077778#0.9761766/-0.03921315/0.2134049/-0.654495/0.02516452/0.9973574/0.06815449/0.6349351/-0.2155135/-0.06116059/0.9745836/-0.273612/0/0/0/1
98#1.088889#0.9762112/-0.03904101/0.2132781/-0.6544533/0.02496088/0.9973513/0.06831698/0.6349527/-0.2153803/-0.06136819/0.9746002/-0.2736442/0/0/0/1
99#1.1#0.9761813/-0.03915446/0.2133935/-0.6544628/0.02509056/0.9973547/0.06822115/0.6349328/-0.2155001/-0.06124207/0.9745814/-0.2736857/0/0/0/1
100#1.111111#0.9762269/-0.03900471/0.2132128/-0.6544873/0.02494681/0.9973575/0.06823179/0.6348733/-0.2153108/-0.06129073/0.9746203/-0.2736766/0/0/0/1
101#1.122222#0.9762115/-0.03903924/0.2132766/-0.6544217/0.02495239/0.9973495/0.06834768/0.6349146/-0.2153796/-0.06140003/0.9745982/-0.2736914/0/0/0/1
102#1.133333#0.9761983/-0.0391656/0.2133143/-0.6544256/0.02511966/0.9973578/0.06816401/0.6349308/-0.2154204/-0.0611832/0.9746028/-0.2737002/0/0/0/1
103#1.144444#0.9762088/-0.03927075/0.2132468/-0.6544843/0.02521754/0.9973511/0.06822676/0.6349195/-0.2153612/-0.06122601/0.9746131/-0.2736647/0/0/0/1
104#1.155556#0.9761853/-0.03913293/0.2133798/-0.6545119/0.02510862/0.9973662/0.06804395/0.6349506/-0.2154806/-0.06106583/0.9745969/-0.2736142/0/0/0/1
105#1.166667#0.9762256/-0.03924146/0.2131755/-0.6544958/0.02521224/0.9973574/0.06813601/0.6349436/-0.2152859/-0.06114148/0.9746352/-0.2736242/0/0/0/1
106#1.177778#0.9762028/-0.03922481/0.2132828/-0.6544993/0.02521111/0.9973645/0.06803308/0.6349398/-0.2153893/-0.061037/0.9746188/-0.2735879/0/0/0/1
107#1.188889#0.9761974/-0.03911071/0.2133286/-0.6544664/0.02504934/0.9973555/0.06822423/0.6349218/-0.2154328/-0.06125657/0.9745955/-0.2735749/0/0/0/1
108#1.2#0.9761749/-0.0391539/0.2134235/-0.6544752/0.02512214/0.9973644/0.06806705/0.634918/-0.215526/-0.0610837/0.9745857/-0.2736038/0/0/0/1
109#1.211111#0.976252/-0.03908851/0.2130824/-0.6544516/0.02504471/0.9973562/0.06821416/0.6349151/-0.2151854/-0.06125762/0.9746501/-0.273609/0/0/0/1
110#1.222222#0.9761834/-0.03942343/0.2133351/-0.6544671/0.02536654/0.9973468/0.06823278/0.6349243/-0.2154591/-0.06119613/0.9745935/-0.2736354/0/0/0/1
111#1.233333#0.9761953/-0.03932337/0.2132989/-0.6544609/0.02525089/0.997345/0.06830395/0.6349237/-0.2154185/-0.06129201/0.9745963/-0.2736306/0/0/0/1
112#1.244444#0.9761873/-0.03931941/0.2133359/-0.654494/0.02524299/0.9973446/0.06831067/0.6349485/-0.2154554/-0.06129878/0.9745879/-0.2736497/0/0/0/1
113#1.255556#0.9761875/-0.03938829/0.2133221/-0.6544874/0.02531357/0.9973427/0.06831376/0.6349635/-0.215446/-0.0612871/0.9745907/-0.2736188/0/0/0/1
114#1.266667#0.9762045/-0.03915445/0.213288/-0.6544604/0.02508935/0.9973522/0.06825721/0.6349355/-0.2153958/-0.06128174/0.974602/-0.2736194/0/0/0/1
115#1.277778#0.9762016/-0.03920654/0.2132917/-0.6544451/0.02518688/0.9973637/0.06805564/0.6349521/-0.2153976/-0.06106388/0.9746153/-0.2735918/0/0/0/1
116#1.288889#0.9762005/-0.03935143/0.2132698/-0.6545447/0.0253044/0.9973506/0.06820001/0.6349139/-0.2153886/-0.06118022/0.97461/-0.2735503/0/0/0/1
117#1.3#0.9761894/-0.03932035/0.2133263/-0.6545455/0.02526696/0.9973512/0.06820938/0.634873/-0.2154432/-0.06119518/0.974597/-0.2735516/0/0/0/1
118#1.311111#0.9761925/-0.03913937/0.2133456/-0.6544333/0.02510628/0.997363/0.06809422/0.6349519/-0.2154482/-0.06111675/0.9746009/-0.2736133/0/0/0/1
119#1.322222#0.9762027/-0.03916424/0.213294/-0.6543777/0.02510501/0.9973537/0.06822982/0.6349838/-0.2154018/-0.06125139/0.9746026/-0.2736378/0/0/0/1
120#1.333333#0.9762318/-0.03929527/0.213137/-0.6543612/0.02527792/0.9973583/0.06809868/0.6349896/-0.21525/-0.06109244/0.9746461/-0.2736447/0/0/0/1
121#1.344445#0.9761842/-0.0393699/0.2133407/-0.6544352/0.02530306/0.9973459/0.06827087/0.6349301/-0.2154623/-0.06124678/0.9745896/-0.2735687/0/0/0/1
122#1.355556#0.9761857/-0.03927676/0.2133515/-0.6544449/0.02521825/0.9973515/0.06822091/0.6349633/-0.2154659/-0.06121592/0.9745907/-0.2735353/0/0/0/1
123#1.366667#0.9761662/-0.03936021/0.2134253/-0.6544845/0.0253069/0.9973517/0.0681842/0.6349283/-0.2155438/-0.06115798/0.9745771/-0.2735064/0/0/0/1
124#1.377778#0.9761613/-0.03934062/0.2134513/-0.6545131/0.02525477/0.9973435/0.06832194/0.6349324/-0.2155721/-0.06130256/0.9745619/-0.273488/0/0/0/1
125#1.388889#0.9761872/-0.03928464/0.213343/-0.6544697/0.02519922/0.9973433/0.06834596/0.6349289/-0.2154611/-0.06134237/0.9745838/-0.2734563/0/0/0/1
126#1.4#0.9761735/-0.03928292/0.2134063/-0.6544998/0.02518672/0.9973416/0.06837604/0.6349243/-0.215525/-0.06137188/0.9745678/-0.2734582/0/0/0/1
127#1.411111#0.9761612/-0.03939093/0.2134419/-0.6545036/0.025278/0.9973341/0.06845193/0.6349669/-0.2155693/-0.06142474/0.9745547/-0.2734721/0/0/0/1
128#1.422222#0.9761593/-0.03927457/0.2134723/-0.6545212/0.02517746/0.9973429/0.06836019/0.634985/-0.2155899/-0.06135575/0.9745545/-0.2734964/0/0/0/1
129#1.433333#0.9761689/-0.03926118/0.2134312/-0.6544888/0.02515931/0.9973412/0.06839232/0.6350107/-0.2155489/-0.06139268/0.9745612/-0.273509/0/0/0/1
130#1.444445#0.9761736/-0.03948496/0.2133682/-0.6545012/0.02536842/0.9973286/0.06849892/0.6349128/-0.2155029/-0.06145403/0.9745675/-0.2735591/0/0/0/1
131#1.455556#0.976157/-0.03937528/0.2134645/-0.6545279/0.02525497/0.997333/0.06847716/0.6349062/-0.2155915/-0.06145343/0.9745479/-0.2736049/0/0/0/1
132#1.466667#0.9761454/-0.03941565/0.2135102/-0.6544735/0.02533852/0.9973448/0.06827272/0.6349654/-0.2156343/-0.06123406/0.9745523/-0.2736528/0/0/0/1
133#1.477778#0.9761878/-0.03919157/0.2133572/-0.6544813/0.02511679/0.9973497/0.06828446/0.634993/-0.2154679/-0.06129961/0.974585/-0.2736437/0/0/0/1
134#1.488889#0.9761524/-0.03936759/0.2134872/-0.6544223/0.02524114/0.9973319/0.0684976/0.6350535/-0.2156142/-0.06147543/0.9745416/-0.2737042/0/0/0/1
135#1.5#0.9761786/-0.0393557/0.2133691/-0.6543694/0.0252542/0.997337/0.068418/0.6350654/-0.2154936/-0.06139972/0.974573/-0.2737155/0/0/0/1
136#1.511111#0.9761759/-0.0392023/0.2134099/-0.6543721/0.02508016/0.9973369/0.0684844/0.6350646/-0.2155263/-0.06150047/0.9745594/-0.2737272/0/0/0/1
137#1.522222#0.9761735/-0.03933697/0.213396/-0.6543443/0.02519528/0.9973267/0.06859008/0.6350522/-0.2155236/-0.06157925/0.9745551/-0.2736983/0/0/0/1
138#1.533333#0.9761609/-0.03929652/0.2134613/-0.6543369/0.02516639/0.9973326/0.06851477/0.6350445/-0.2155843/-0.0615094/0.974546/-0.2737116/0/0/0/1
139#1.544444#0.9761976/-0.03926496/0.2132991/-0.6543868/0.02517373/0.9973416/0.06838302/0.635003/-0.2154171/-0.06138582/0.9745907/-0.2736948/0/0/0/1
140#1.555556#0.9761785/-0.03937227/0.2133662/-0.6543779/0.02524936/0.9973304/0.06851729/0.6349766/-0.2154943/-0.06149776/0.9745667/-0.2736747/0/0/0/1
141#1.566667#0.9761794/-0.03916408/0.2134007/-0.654416/0.0250631/0.9973439/0.06838769/0.6349643/-0.2155123/-0.06141018/0.9745682/-0.2736578/0/0/0/1
142#1.577778#0.9761609/-0.03951065/0.2134214/-0.6544642/0.02540543/0.997332/0.06843483/0.6348921/-0.215556/-0.06138134/0.9745604/-0.273618/0/0/0/1
143#1.588889#0.9761649/-0.03932885/0.2134367/-0.654469/0.02524754/0.997345/0.06830441/0.6349038/-0.2155563/-0.06128762/0.9745662/-0.2736244/0/0/0/1
144#1.6#0.9761798/-0.03935938/0.2133633/-0.6544025/0.02526861/0.9973399/0.06837149/0.6349332/-0.2154868/-0.06135147/0.9745775/-0.2736351/0/0/0/1
145#1.611111#0.976171/-0.03932524/0.2134105/-0.6544259/0.02523019/0.9973407/0.06837383/0.6349553/-0.2155319/-0.06136015/0.9745671/-0.273617/0/0/0/1
146#1.622222#0.9761549/-0.0394174/0.2134663/-0.6544392/0.02528261/0.9973274/0.06854628/0.6349417/-0.2155977/-0.06151479/0.9745427/-0.273612/0/0/0/1
147#1.633333#0.9761873/-0.03941963/0.2133178/-0.6544211/0.02534148/0.9973406/0.06833358/0.6349485/-0.2154442/-0.06130059/0.9745901/-0.2736247/0/0/0/1
148#1.644444#0.976166/-0.03934927/0.2134278/-0.6544474/0.02524392/0.9973373/0.06841765/0.634966/-0.2155517/-0.06139924/0.9745602/-0.2736328/0/0/0/1
149#1.655556#0.9761935/-0.03917231/0.213335/-0.6544104/0.02508761/0.9973469/0.06833393/0.6349791/-0.2154459/-0.06135507/0.9745864/-0.2736912/0/0/0/1
150#1.666667#0.9761783/-0.03918928/0.2134014/-0.6544098/0.02509367/0.9973446/0.06836563/0.6349581/-0.215514/-0.06138202/0.9745696/-0.2737032/0/0/0/1
151#1.677778#0.9762052/-0.03931293/0.2132554/-0.6544116/0.02522846/0.9973409/0.0683699/0.6349405/-0.2153762/-0.06136294/0.9746013/-0.2737498/0/0/0/1
152#1.688889#0.9761897/-0.03931101/0.2133268/-0.6544144/0.02520632/0.9973367/0.06844035/0.6349382/-0.2154491/-0.06143359/0.9745806/-0.273764/0/0/0/1
153#1.7#0.9761719/-0.03923471/0.2134225/-0.6543832/0.02515243/0.9973475/0.06830373/0.6349446/-0.2155362/-0.06130809/0.9745694/-0.2737641/0/0/0/1
154#1.711111#0.9761992/-0.03929873/0.2132858/-0.6543673/0.02521626/0.9973426/0.06835057/0.6349745/-0.2154051/-0.0613455/0.974596/-0.2737274/0/0/0/1
155#1.722222#0.9761769/-0.03922434/0.2134016/-0.6544132/0.02513715/0.997346/0.06833094/0.6349732/-0.2155154/-0.06133876/0.9745722/-0.2737268/0/0/0/1
156#1.733333#0.9761801/-0.03932114/0.2133685/-0.654412/0.02523381/0.9973422/0.06835068/0.6349977/-0.2154891/-0.06133848/0.9745779/-0.2736722/0/0/0/1
157#1.744444#0.9761747/-0.03922192/0.2134121/-0.6544083/0.02514355/0.9973488/0.06828777/0.6349965/-0.2155247/-0.06129485/0.9745728/-0.2736591/0/0/0/1
158#1.755556#0.9761835/-0.03929105/0.213359/-0.6543801/0.02520595/0.9973435/0.06834044/0.6349802/-0.2154774/-0.06133489/0.9745807/-0.2736253/0/0/0/1
159#1.766667#0.9761936/-0.03926269/0.2133174/-0.6543746/0.02517884/0.997344/0.06834409/0.6349738/-0.2154342/-0.06134598/0.9745895/-0.2736216/0/0/0/1
160#1.777778#0.976176/-0.03923544/0.2134034/-0.6544544/0.0251522/0.9973467/0.06831367/0.6349277/-0.2155175/-0.06131861/0.9745728/-0.2736293/0/0/0/1
161#1.788889#0.9761888/-0.03936119/0.2133215/-0.6544328/0.02525937/0.9973359/0.06843383/0.6348946/-0.2154469/-0.06141598/0.9745823/-0.2736664/0/0/0/1
162#1.8#0.9761887/-0.03908085/0.2133739/-0.6544136/0.02498764/0.9973484/0.06835216/0.6348891/-0.2154793/-0.06139291/0.9745765/-0.2736638/0/0/0/1
163#1.811111#0.9762031/-0.03916349/0.2132928/-0.6543949/0.02510254/0.9973532/0.06823789/0.6349188/-0.2154007/-0.06125984/0.9746025/-0.2736309/0/0/0/1
164#1.822222#0.9762031/-0.03916349/0.2132928/-0.6543949/0.02510254/0.9973532/0.06823789/0.6349188/-0.2154007/-0.06125984/0.9746025/-0.2736309/0/0/0/1
165#1.833333#0.9761925/-0.03921252/0.2133316/-0.6544552/0.025152/0.9973525/0.0682295/0.6348993/-0.2154423/-0.06123942/0.9745945/-0.2736161/0/0/0/1
166#1.844445#0.9761772/-0.03922464/0.2134/-0.6544898/0.02515467/0.9973508/0.0682536/0.6349005/-0.2155119/-0.0612596/0.9745778/-0.27361/0/0/0/1
167#1.855556#0.9762083/-0.0391974/0.2132624/-0.6544855/0.02511735/0.9973461/0.06833652/0.6349081/-0.2153751/-0.06135409/0.9746021/-0.2735924/0/0/0/1
168#1.866667#0.9761935/-0.03919499/0.2133312/-0.6543925/0.02511925/0.9973488/0.0682968/0.6350021/-0.2154425/-0.06131216/0.9745898/-0.2736517/0/0/0/1
169#1.877778#0.9762142/-0.03907405/0.2132583/-0.6543862/0.0250057/0.9973533/0.06827269/0.6350229/-0.2153615/-0.0613161/0.9746075/-0.2736737/0/0/0/1
170#1.888889#0.9761891/-0.03910246/0.2133673/-0.6543896/0.02501684/0.9973496/0.06832188/0.6350244/-0.2154733/-0.06135731/0.9745802/-0.2736703/0/0/0/1
171#1.9#0.9762244/-0.03922229/0.2131842/-0.6544099/0.0251542/0.9973472/0.06830756/0.6349541/-0.2152978/-0.06132103/0.9746212/-0.2736957/0/0/0/1
172#1.911111#0.9762073/-0.03917466/0.2132708/-0.6544194/0.02506648/0.9973389/0.06845917/0.6349421/-0.2153852/-0.06148439/0.9745917/-0.2737132/0/0/0/1
173#1.922222#0.9761873/-0.03928179/0.2133428/-0.6544621/0.0251956/0.9973432/0.06834918/0.6349136/-0.2154609/-0.0613463/0.9745836/-0.2736967/0/0/0/1
174#1.933333#0.9761842/-0.03934905/0.213345/-0.6544678/0.02526769/0.9973425/0.06833326/0.634938/-0.2154669/-0.06131511/0.9745843/-0.2736626/0/0/0/1
175#1.944445#0.9761962/-0.03927806/0.2133033/-0.6544435/0.02517673/0.9973383/0.06842876/0.6350046/-0.2154233/-0.06142962/0.9745866/-0.273689/0/0/0/1
176#1.955556#0.9762101/-0.03924181/0.2132462/-0.6544316/0.02517347/0.9973477/0.0682926/0.635048/-0.2153605/-0.06129977/0.9746087/-0.2736671/0/0/0/1
177#1.966667#0.9761719/-0.0392075/0.2134272/-0.6544333/0.02512926/0.9973495/0.0682814/0.6350462/-0.2155387/-0.06129112/0.9745699/-0.2736645/0/0/0/1
178#1.977778#0.976184/-0.03937819/0.2133406/-0.6544299/0.02530237/0.997343/0.06831238/0.6350145/-0.2154637/-0.06128743/0.9745867/-0.2736037/0/0/0/1
179#1.988889#0.9761537/-0.03931723/0.2134902/-0.654447/0.02522642/0.9973437/0.06833067/0.6349943/-0.2156097/-0.06131565/0.9745526/-0.2736437/0/0/0/1
180#2#0.9761502/-0.03943274/0.2134853/-0.6544873/0.0253022/0.9973286/0.06852301/0.6349649/-0.2156171/-0.0614871/0.9745402/-0.2736208/0/0/0/1
181#2.011111#0.976128/-0.03944249/0.2135845/-0.6544926/0.02535156/0.9973416/0.06831613/0.6349767/-0.2157113/-0.06127059/0.974533/-0.2736604/0/0/0/1
182#2.022222#0.9761499/-0.03938118/0.2134959/-0.6544505/0.02528352/0.9973398/0.06836626/0.6349587/-0.2156204/-0.06133778/0.9745489/-0.2736573/0/0/0/1
183#2.033333#0.9761379/-0.0394506/0.2135377/-0.6544569/0.02533284/0.9973328/0.06845177/0.634954/-0.2156686/-0.06140886/0.9745337/-0.2736609/0/0/0/1
184#2.044445#0.9761522/-0.03924749/0.21351/-0.6544158/0.02513545/0.9973403/0.068414/0.6349617/-0.2156273/-0.06141581/0.9745424/-0.2736585/0/0/0/1
185#2.055556#0.9761204/-0.03944482/0.213619/-0.6544108/0.02533555/0.997337/0.06838915/0.6349725/-0.2157477/-0.06134389/0.9745203/-0.273634/0/0/0/1
186#2.066667#0.976132/-0.03947566/0.21356/-0.6544397/0.02533611/0.9973262/0.06854615/0.6349523/-0.2156949/-0.06149931/0.9745222/-0.2736151/0/0/0/1
187#2.077778#0.9761134/-0.03938255/0.2136629/-0.6544116/0.02525372/0.9973343/0.06845862/0.635012/-0.2157895/-0.06142759/0.9745057/-0.2736214/0/0/0/1
188#2.088889#0.976105/-0.03944911/0.2136887/-0.6544124/0.02532234/0.9973332/0.06844841/0.6350106/-0.215819/-0.06140173/0.9745009/-0.2736161/0/0/0/1
189#2.1#0.9761246/-0.03927833/0.2136305/-0.6543944/0.02511616/0.9973274/0.06860844/0.6350397/-0.2157544/-0.06160481/0.9745023/-0.2736313/0/0/0/1
190#2.111111#0.9761142/-0.03912168/0.2137069/-0.6543927/0.0249875/0.9973419/0.06844443/0.6350503/-0.2158165/-0.06146958/0.9744972/-0.2736425/0/0/0/1
191#2.122222#0.9761305/-0.03931544/0.2135964/-0.654449/0.02520672/0.9973408/0.06838058/0.6349936/-0.2157168/-0.06136431/0.9745259/-0.2736127/0/0/0/1
192#2.133333#0.9761604/-0.03944835/0.2134355/-0.6544418/0.02532649/0.9973296/0.0684998/0.6349699/-0.2155678/-0.06146121/0.9745528/-0.2736557/0/0/0/1
193#2.144444#0.9761411/-0.039282/0.2135544/-0.6543852/0.02518868/0.9973454/0.06831989/0.6350167/-0.2156713/-0.06131069/0.9745393/-0.2736877/0/0/0/1
194#2.155556#0.9761423/-0.03943353/0.2135206/-0.6543822/0.02532854/0.9973366/0.06839736/0.6350384/-0.2156491/-0.06135739/0.9745413/-0.2737122/0/0/0/1
195#2.166667#0.9761506/-0.03927218/0.2135126/-0.6543635/0.02514539/0.9973354/0.06848232/0.6350626/-0.2156331/-0.0614802/0.9745371/-0.273713/0/0/0/1
196#2.177778#0.9761475/-0.03921474/0.2135374/-0.6543698/0.02510086/0.9973414/0.06841116/0.6350299/-0.2156524/-0.06141941/0.9745367/-0.2736318/0/0/0/1
197#2.188889#0.9761309/-0.03934446/0.2135894/-0.6543736/0.02522071/0.9973355/0.06845336/0.6350256/-0.2157135/-0.06143257/0.9745223/-0.2736392/0/0/0/1
198#2.2#0.9761603/-0.03931307/0.2134606/-0.6544013/0.02520734/0.9973392/0.06840634/0.635003/-0.2155818/-0.06139479/0.9745538/-0.2736055/0/0/0/1
199#2.211111#0.9761199/-0.03943345/0.2136233/-0.6544161/0.02534356/0.9973429/0.06829928/0.6350037/-0.215749/-0.06125431/0.9745257/-0.273633/0/0/0/1
200#2.222222#0.9761415/-0.03936848/0.2135368/-0.6544542/0.02526795/0.9973403/0.06836612/0.6350324/-0.2156603/-0.06133937/0.9745399/-0.2736363/0/0/0/1
201#2.233333#0.9761228/-0.03941854/0.213613/-0.6544559/0.02529103/0.9973325/0.06847076/0.6350251/-0.2157422/-0.06143337/0.974516/-0.2736611/0/0/0/1
202#2.244445#0.976138/-0.03934468/0.2135566/-0.654447/0.02526249/0.9973466/0.06827515/0.635062/-0.2156763/-0.061251/0.974542/-0.2736681/0/0/0/1
203#2.255556#0.9761347/-0.03937069/0.2135676/-0.6544462/0.02526019/0.997338/0.06840245/0.6350764/-0.2156921/-0.06137525/0.9745306/-0.2736633/0/0/0/1
204#2.266667#0.9761197/-0.03940183/0.2136301/-0.6544058/0.02527502/0.9973336/0.06846096/0.6350672/-0.215758/-0.06142659/0.9745129/-0.2736373/0/0/0/1
205#2.277778#0.976152/-0.03929703/0.2135017/-0.6543391/0.02521149/0.997346/0.06830153/0.6351042/-0.2156191/-0.06128998/0.9745521/-0.2737205/0/0/0/1
206#2.288889#0.9761317/-0.03928652/0.2135967/-0.6543494/0.02515223/0.9973345/0.06849319/0.635114/-0.2157182/-0.06148595/0.9745178/-0.2737204/0/0/0/1
207#2.3#0.9761451/-0.03935756/0.2135222/-0.6544304/0.02525995/0.9973412/0.06835606/0.6350627/-0.2156448/-0.06133187/0.9745439/-0.2736745/0/0/0/1
208#2.311111#0.9761567/-0.03947702/0.2134471/-0.6544213/0.02538506/0.9973376/0.06836408/0.6350728/-0.2155776/-0.06131569/0.9745597/-0.2736551/0/0/0/1
209#2.322222#0.9761483/-0.03939901/0.2134999/-0.6543684/0.02529805/0.9973384/0.06838179/0.6350549/-0.2156258/-0.06134964/0.9745468/-0.273638/0/0/0/1
210#2.333333#0.9761268/-0.03934814/0.2136073/-0.6543732/0.02522154/0.9973349/0.06846139/0.6350423/-0.2157319/-0.0614395/0.9745178/-0.2736366/0/0/0/1
211#2.344445#0.9761385/-0.03935259/0.2135531/-0.6543429/0.0252615/0.9973438/0.06831712/0.6350446/-0.2156744/-0.0612923/0.9745398/-0.2736472/0/0/0/1
212#2.355556#0.9761382/-0.03941199/0.2135438/-0.6543225/0.0253174/0.9973407/0.06834152/0.6350132/-0.2156694/-0.06130439/0.9745402/-0.2736497/0/0/0/1
213#2.366667#0.9761433/-0.039287/0.2135434/-0.6543677/0.02517315/0.9973391/0.06841636/0.6349914/-0.2156631/-0.06140861/0.974535/-0.273613/0/0/0/1
214#2.377778#0.9761161/-0.03933734/0.2136583/-0.6543458/0.02523062/0.9973419/0.06835575/0.6349992/-0.2157792/-0.06133242/0.9745141/-0.2736458/0/0/0/1
215#2.388889#0.9761361/-0.03926101/0.2135808/-0.6543362/0.02511679/0.9973322/0.06854016/0.6349933/-0.2157019/-0.06154007/0.974518/-0.2736303/0/0/0/1
216#2.4#0.9761423/-0.03937208/0.213532/-0.6543916/0.02526119/0.997337/0.06841465/0.6349905/-0.215657/-0.06138836/0.9745376/-0.2736678/0/0/0/1
217#2.411111#0.976161/-0.03933951/0.2134525/-0.6543992/0.02524915/0.9973423/0.06834179/0.6350138/-0.2155737/-0.0613231/0.9745601/-0.2736347/0/0/0/1
218#2.422222#0.9761396/-0.03926444/0.2135651/-0.6543831/0.02512126/0.997332/0.06854042/0.6350353/-0.2156866/-0.06153999/0.9745215/-0.2736468/0/0/0/1
219#2.433333#0.9761273/-0.0391593/0.2136395/-0.6543872/0.0250219/0.9973384/0.06848228/0.6350248/-0.2157526/-0.06150176/0.9745093/-0.273689/0/0/0/1
220#2.444444#0.9761608/-0.039246/0.2134712/-0.6543767/0.02517094/0.99735/0.06825805/0.6350393/-0.2155844/-0.06125756/0.9745619/-0.2736934/0/0/0/1
221#2.455556#0.9761615/-0.03913807/0.2134875/-0.6543583/0.02503933/0.9973472/0.06834972/0.635003/-0.2155962/-0.06137478/0.9745519/-0.273679/0/0/0/1
222#2.466667#0.9761594/-0.03915604/0.2134939/-0.6543329/0.02508429/0.9973544/0.06822765/0.6350229/-0.2156006/-0.06124572/0.9745591/-0.2736974/0/0/0/1
223#2.477778#0.9761952/-0.03921768/0.2133186/-0.654372/0.02516042/0.9973531/0.06821907/0.6349598/-0.2154294/-0.06122794/0.9745981/-0.27363/0/0/0/1
224#2.488889#0.9761862/-0.03901251/0.2133979/-0.6543763/0.0249225/0.9973518/0.06832401/0.6349657/-0.2154983/-0.06137854/0.9745733/-0.2735809/0/0/0/1
225#2.5#0.9761596/-0.03902339/0.2135174/-0.6542329/0.02491526/0.9973487/0.06837226/0.6350491/-0.2156194/-0.06142239/0.9745439/-0.2736328/0/0/0/1
226#2.511111#0.9761709/-0.03914169/0.2134436/-0.6542033/0.02505917/0.9973507/0.06828952/0.6350672/-0.2155511/-0.06131352/0.9745657/-0.2736137/0/0/0/1
227#2.522222#0.9761999/-0.03913283/0.2133124/-0.654237/0.02504791/0.9973478/0.06833769/0.635066/-0.2154208/-0.06136822/0.9745911/-0.2735912/0/0/0/1
228#2.533333#0.97616/-0.03930384/0.2134634/-0.6542296/0.02525069/0.9973543/0.06816693/0.6350726/-0.2155778/-0.06115174/0.97457/-0.2736163/0/0/0/1
229#2.544445#0.9761806/-0.03919186/0.2133906/-0.6543537/0.02511118/0.9973487/0.06830154/0.6350425/-0.2155017/-0.06131615/0.9745764/-0.2735665/0/0/0/1
230#2.555556#0.9761941/-0.03906881/0.2133509/-0.6543559/0.02499986/0.997355/0.06824797/0.6350558/-0.215453/-0.06128954/0.9745889/-0.2735652/0/0/0/1
231#2.566667#0.9761984/-0.03887746/0.2133666/-0.6543636/0.02482519/0.9973662/0.06814915/0.6350644/-0.2154541/-0.06123022/0.9745924/-0.2735684/0/0/0/1
232#2.577778#0.9762231/-0.03909428/0.2132137/-0.6543109/0.02504306/0.9973565/0.06821012/0.6350926/-0.2153168/-0.06124877/0.9746216/-0.2736053/0/0/0/1
233#2.588889#0.9761981/-0.03902392/0.2133408/-0.6543186/0.02493309/0.99735/0.06834548/0.6350939/-0.2154426/-0.06139948/0.9745843/-0.2736108/0/0/0/1
234#2.6#0.9761981/-0.03919899/0.2133088/-0.6544318/0.02512526/0.9973488/0.06829457/0.6350764/-0.2154203/-0.0613096/0.9745948/-0.2736497/0/0/0/1
235#2.611111#0.9762022/-0.0390682/0.2133146/-0.6544437/0.02502278/0.9973611/0.06815199/0.6350739/-0.2154143/-0.06119239/0.9746036/-0.2737073/0/0/0/1
236#2.622222#0.9761966/-0.03940223/0.2132782/-0.6544764/0.02531365/0.9973373/0.06839057/0.6350404/-0.2154051/-0.06136379/0.9745948/-0.2736714/0/0/0/1
237#2.633333#0.9761964/-0.03929686/0.2132986/-0.6544918/0.02524484/0.9973515/0.06820894/0.635025/-0.2154141/-0.06120063/0.9746031/-0.2737269/0/0/0/1
238#2.644444#0.976202/-0.03926111/0.2132796/-0.6544611/0.02519948/0.9973496/0.06825443/0.63503/-0.2153941/-0.06125557/0.9746041/-0.2737337/0/0/0/1
239#2.655556#0.9762082/-0.03935888/0.2132335/-0.6544609/0.02528346/0.9973417/0.06833978/0.6350566/-0.2153564/-0.06132258/0.9746081/-0.2737012/0/0/0/1
240#2.666667#0.9761876/-0.03933428/0.2133319/-0.6543853/0.02526225/0.9973453/0.06829346/0.6350501/-0.2154518/-0.06127798/0.9745901/-0.2737398/0/0/0/1
241#2.677778#0.9761943/-0.03922315/0.2133219/-0.654371/0.02514701/0.9973476/0.068304/0.6350378/-0.2154352/-0.06131357/0.9745914/-0.2736723/0/0/0/1
242#2.688889#0.9762096/-0.03944924/0.21321/-0.6543591/0.02537175/0.9973376/0.06836488/0.6350411/-0.2153393/-0.06132894/0.9746116/-0.2736661/0/0/0/1
243#2.7#0.9761865/-0.03935614/0.2133329/-0.6542883/0.02529402/0.9973475/0.06825043/0.6349971/-0.2154531/-0.06122911/0.9745926/-0.2737067/0/0/0/1
244#2.711111#0.9761952/-0.03932237/0.2132998/-0.6542848/0.02524817/0.9973444/0.06831145/0.6349908/-0.2154195/-0.06129988/0.9745957/-0.2737291/0/0/0/1
245#2.722222#0.9762115/-0.03923194/0.2132414/-0.6544151/0.02515439/0.9973453/0.06833471/0.6349566/-0.2153562/-0.06134518/0.9746068/-0.2736874/0/0/0/1
246#2.733333#0.9761807/-0.03951295/0.2133305/-0.6544201/0.02545986/0.997345/0.06822566/0.6349685/-0.2154599/-0.06116921/0.974595/-0.2736738/0/0/0/1
247#2.744445#0.9761841/-0.03943407/0.2133297/-0.6542838/0.02537634/0.9973462/0.06823922/0.6350503/-0.2154544/-0.06120051/0.9745944/-0.2737398/0/0/0/1
248#2.755556#0.9761923/-0.03944578/0.21329/-0.6542718/0.02536469/0.9973384/0.06835756/0.6350389/-0.2154187/-0.06132009/0.9745946/-0.2737541/0/0/0/1
249#2.766667#0.9762052/-0.03926722/0.213264/-0.6543484/0.0252105/0.9973505/0.06823737/0.6350125/-0.2153784/-0.06123718/0.9746087/-0.2737385/0/0/0/1
250#2.777778#0.9762266/-0.03914413/0.2131886/-0.6543876/0.02507055/0.9973483/0.0683235/0.6349584/-0.2152977/-0.06135447/0.9746192/-0.2736833/0/0/0/1
251#2.788889#0.9762195/-0.03926537/0.2131986/-0.6543875/0.02521845/0.9973521/0.06821177/0.6349622/-0.2153125/-0.06121313/0.9746248/-0.2736744/0/0/0/1
252#2.8#0.9762214/-0.03922399/0.2131976/-0.6543238/0.025194/0.9973582/0.06813134/0.6350288/-0.2153068/-0.06113996/0.9746307/-0.273699/0/0/0/1
253#2.811111#0.976222/-0.0391523/0.213208/-0.6543183/0.02506875/0.9973454/0.06836376/0.6350205/-0.2153186/-0.06139335/0.9746121/-0.2736894/0/0/0/1
254#2.822222#0.9762025/-0.03904799/0.2133164/-0.6543151/0.02498122/0.9973556/0.06824607/0.6350181/-0.2154172/-0.06129309/0.9745966/-0.2737027/0/0/0/1
255#2.833333#0.9761906/-0.03915447/0.2133514/-0.6543136/0.02511449/0.9973606/0.06812517/0.6350014/-0.2154557/-0.06114494/0.9745976/-0.2737321/0/0/0/1
256#2.844445#0.976193/-0.03907207/0.2133555/-0.6542931/0.02500102/0.9973545/0.06825638/0.6350025/-0.215458/-0.06129729/0.9745873/-0.2737426/0/0/0/1
257#2.855556#0.9762102/-0.03920521/0.2132524/-0.6542823/0.02515337/0.9973536/0.06821259/0.6350328/-0.2153623/-0.0612258/0.9746131/-0.2737477/0/0/0/1
258#2.866667#0.9762323/-0.03918049/0.2131553/-0.6542273/0.02512644/0.9973519/0.06824835/0.6350474/-0.2152648/-0.06127042/0.9746317/-0.2737671/0/0/0/1
259#2.877778#0.9762495/-0.03909998/0.2130927/-0.6542654/0.02507027/0.9973603/0.06814842/0.6350343/-0.2151948/-0.06118757/0.9746524/-0.2737571/0/0/0/1
260#2.888889#0.9762659/-0.03909671/0.2130171/-0.6542548/0.02508137/0.9973629/0.06810496/0.63503/-0.215118/-0.06114579/0.974672/-0.2737727/0/0/0/1
261#2.9#0.9762757/-0.03898267/0.212993/-0.654247/0.02496799/0.9973662/0.0680978/0.6350416/-0.2150866/-0.06116423/0.9746777/-0.2737803/0/0/0/1
262#2.911111#0.9762391/-0.03914127/0.2131318/-0.6542504/0.02509134/0.9973538/0.06823271/0.6350672/-0.2152385/-0.06126367/0.9746381/-0.2737389/0/0/0/1
263#2.922222#0.9762504/-0.03912766/0.2130821/-0.6542759/0.02509395/0.9973578/0.06817233/0.6350703/-0.2151866/-0.0612062/0.974653/-0.2737373/0/0/0/1
264#2.933333#0.97627/-0.03903225/0.2130101/-0.6542717/0.02502971/0.9973684/0.06804267/0.6350781/-0.2151054/-0.06109644/0.9746779/-0.2737219/0/0/0/1
265#2.944444#0.9762486/-0.03906476/0.2131021/-0.6542959/0.0250223/0.9973578/0.06819998/0.6350794/-0.2152033/-0.06124784/0.9746467/-0.2736993/0/0/0/1
266#2.955556#0.9762762/-0.03919443/0.2129516/-0.6543522/0.02520084/0.9973645/0.06803497/0.6350286/-0.215057/-0.06105437/0.9746912/-0.2736723/0/0/0/1
267#2.966667#0.9762574/-0.03914824/0.2130471/-0.6543744/0.02510031/0.9973525/0.0682489/0.6350014/-0.215155/-0.06128094/0.9746553/-0.2736514/0/0/0/1
268#2.977778#0.9762666/-0.0388618/0.2130566/-0.6543118/0.02480196/0.9973584/0.06827205/0.6349829/-0.2151469/-0.06136751/0.9746516/-0.2736714/0/0/0/1
269#2.988889#0.9762409/-0.03901846/0.2131458/-0.6543269/0.02498708/0.9973633/0.06813256/0.6349788/-0.2152423/-0.06118791/0.9746418/-0.2736802/0/0/0/1
