0#0#1/0/0/0/0/1/0/0/0/0/1/0/0/0/0/1
1#0.01111111#1/0/0/0/0/1/0/0/0/0/1/0/0/0/0/1
2#0.02222222#1/0/0/0/0/1/0/0/0/0/1/0/0/0/0/1
3#0.03333334#1/0/0/0/0/1/0/0/0/0/1/0/0/0/0/1
4#0.04444445#1/0/0/0/0/1/0/0/0/0/1/0/0/0/0/1
5#0.05555556#1/0/0/0/0/1/0/0/0/0/1/0/0/0/0/1
6#0.06666667#1/0/0/0/0/1/0/0/0/0/1/0/0/0/0/1
7#0.07777778#1/0/0/0/0/1/0/0/0/0/1/0/0/0/0/1
8#0.08888889#1/0/0/0/0/1/0/0/0/0/1/0/0/0/0/1
9#0.1#1/0/0/0/0/1/0/0/0/0/1/0/0/0/0/1
10#0.1111111#1/0/0/0/0/1/0/0/0/0/1/0/0/0/0/1
11#0.1222222#1/0/0/0/0/1/0/0/0/0/1/0/0/0/0/1
12#0.1333333#1/0/0/0/0/1/0/0/0/0/1/0/0/0/0/1
13#0.1444445#1/0/0/0/0/1/0/0/0/0/1/0/0/0/0/1
14#0.1555556#1/0/0/0/0/1/0/0/0/0/1/0/0/0/0/1
15#0.1666667#1/0/0/0/0/1/0/0/0/0/1/0/0/0/0/1
16#0.1777778#1/0/0/0/0/1/0/0/0/0/1/0/0/0/0/1
17#0.1888889#1/0/0/0/0/1/0/0/0/0/1/0/0/0/0/1
18#0.2#1/0/0/0/0/1/0/0/0/0/1/0/0/0/0/1
19#0.2111111#1/0/0/0/0/1/0/0/0/0/1/0/0/0/0/1
20#0.2222222#1/0/0/0/0/1/0/0/0/0/1/0/0/0/0/1
21#0.2333333#1/0/0/0/0/1/0/0/0/0/1/0/0/0/0/1
22#0.2444444#0.9948019/0.1017423/0.004178046/0.4530775/-0.09958655/0.9635234/0.2484054/0.9940288/0.02124768/-0.2475302/0.9686472/0.9923389/0/0/0/1
23#0.2555556#0.9948019/0.1017423/0.004178046/0.4530775/-0.09958655/0.9635234/0.2484054/0.9940288/0.02124768/-0.2475302/0.9686472/0.9923389/0/0/0/1
24#0.2666667#0.9948019/0.1017423/0.004178046/0.4530775/-0.09958655/0.9635234/0.2484054/0.9940288/0.02124768/-0.2475302/0.9686472/0.9923389/0/0/0/1
25#0.2777778#0.9947966/0.1017965/0.004146161/0.4531169/-0.09962936/0.9634977/0.2484874/0.9940478/0.02130033/-0.2476075/0.9686263/0.9922886/0/0/0/1
26#0.2888889#0.9947957/0.1018012/0.004240633/0.4531198/-0.09965666/0.9634871/0.248518/0.9940504/0.02121364/-0.2476473/0.968618/0.9922864/0/0/0/1
27#0.3#0.9947961/0.101797/0.004260121/0.4533548/-0.09965529/0.9634626/0.2486134/0.9937633/0.02120363/-0.2477442/0.9685934/0.9920447/0/0/0/1
28#0.3111111#0.9947988/0.1017684/0.004292579/0.4533573/-0.09963719/0.9634823/0.2485445/0.9937539/0.02115816/-0.2476795/0.9686109/0.9920268/0/0/0/1
29#0.3222222#0.9948232/0.1015281/0.004335224/0.4535863/-0.09941421/0.9634961/0.2485799/0.9936357/0.02106087/-0.2477241/0.9686017/0.9919457/0/0/0/1
30#0.3333333#0.99484/0.1013641/0.004332333/0.4535942/-0.09925576/0.963525/0.2485315/0.9936205/0.02101787/-0.2476791/0.9686141/0.9919393/0/0/0/1
31#0.3444445#0.994857/0.1012022/0.004213989/0.4536477/-0.09906981/0.963546/0.2485244/0.9936198/0.02109085/-0.2476637/0.9686165/0.9919996/0/0/0/1
32#0.3555556#0.9948441/0.1013297/0.004181863/0.4536498/-0.09918613/0.9635438/0.2484862/0.9935923/0.02114962/-0.2476198/0.9686266/0.9919934/0/0/0/1
33#0.3666667#0.994868/0.1010864/0.004368126/0.4529355/-0.09899977/0.9636013/0.2483376/0.9939535/0.02089441/-0.2474956/0.9686637/0.992398/0/0/0/1
34#0.3777778#0.9948605/0.1011568/0.00444916/0.4528618/-0.09908695/0.9635787/0.2483903/0.9940021/0.02083926/-0.2475545/0.9686497/0.992451/0/0/0/1
35#0.3888889#0.9948481/0.1012816/0.004404845/0.4530098/-0.0991971/0.963571/0.2483767/0.9937563/0.02091161/-0.2475341/0.9686535/0.992403/0/0/0/1
36#0.4#0.9948266/0.1014814/0.004645257/0.4529852/-0.09944929/0.9635345/0.2484171/0.9938246/0.02073385/-0.2475939/0.9686419/0.9923935/0/0/0/1
37#0.4111111#0.9948239/0.1015087/0.004629644/0.4529793/-0.09947083/0.9635195/0.2484664/0.9938313/0.02076075/-0.2476408/0.9686296/0.9924035/0/0/0/1
38#0.4222222#0.994854/0.1012092/0.00469169/0.4530357/-0.09919717/0.9635612/0.2484148/0.9939549/0.02062113/-0.247602/0.9686423/0.992291/0/0/0/1
39#0.4333333#0.9948417/0.1013325/0.004647047/0.4530184/-0.09930646/0.9635606/0.2483729/0.9939568/0.02069054/-0.2475533/0.9686533/0.992305/0/0/0/1
40#0.4444444#0.9948506/0.1012479/0.004604611/0.4529523/-0.09921041/0.9635272/0.248541/0.9940348/0.02072758/-0.2477179/0.9686105/0.9922993/0/0/0/1
41#0.4555556#0.9948521/0.1012315/0.004644305/0.4529412/-0.09920519/0.9635377/0.2485024/0.9940319/0.0206813/-0.2476838/0.9686202/0.9923229/0/0/0/1
42#0.4666667#0.9948545/0.1012121/0.00455135/0.4527769/-0.09916491/0.9635598/0.2484324/0.9941638/0.02075887/-0.2476054/0.9686385/0.9924269/0/0/0/1
43#0.4777778#0.9948699/0.1010673/0.004424307/0.4527345/-0.09899374/0.9635835/0.248409/0.9941709/0.02084285/-0.2475726/0.9686452/0.9924443/0/0/0/1
44#0.4888889#0.9948444/0.1013151/0.00444314/0.4527131/-0.09923826/0.9635572/0.2484133/0.9942167/0.0208868/-0.2475735/0.968644/0.9924111/0/0/0/1
45#0.5#0.9948638/0.1011289/0.004348636/0.4523691/-0.09903635/0.9635999/0.2483285/0.9944645/0.02092284/-0.2474837/0.9686661/0.992599/0/0/0/1
46#0.5111111#0.9948638/0.1011289/0.004348636/0.4523691/-0.09903635/0.9635999/0.2483285/0.9944645/0.02092284/-0.2474837/0.9686661/0.992599/0/0/0/1
47#0.5222222#0.9948638/0.1011289/0.004348636/0.4523691/-0.09903635/0.9635999/0.2483285/0.9944645/0.02092284/-0.2474837/0.9686661/0.992599/0/0/0/1
48#0.5333334#0.9948638/0.1011289/0.004348636/0.4523691/-0.09903635/0.9635999/0.2483285/0.9944645/0.02092284/-0.2474837/0.9686661/0.992599/0/0/0/1
49#0.5444444#0.9948638/0.1011289/0.004348636/0.4523691/-0.09903635/0.9635999/0.2483285/0.9944645/0.02092284/-0.2474837/0.9686661/0.992599/0/0/0/1
50#0.5555556#0.9948638/0.1011289/0.004348636/0.4523691/-0.09903635/0.9635999/0.2483285/0.9944645/0.02092284/-0.2474837/0.9686661/0.992599/0/0/0/1
51#0.5666667#0.9948638/0.1011289/0.004348636/0.4523691/-0.09903635/0.9635999/0.2483285/0.9944645/0.02092284/-0.2474837/0.9686661/0.992599/0/0/0/1
52#0.5777778#0.9948638/0.1011289/0.004348636/0.4523691/-0.09903635/0.9635999/0.2483285/0.9944645/0.02092284/-0.2474837/0.9686661/0.992599/0/0/0/1
53#0.5888889#0.9948638/0.1011289/0.004348636/0.4523691/-0.09903635/0.9635999/0.2483285/0.9944645/0.02092284/-0.2474837/0.9686661/0.992599/0/0/0/1
54#0.6#0.9948638/0.1011289/0.004348636/0.4523691/-0.09903635/0.9635999/0.2483285/0.9944645/0.02092284/-0.2474837/0.9686661/0.992599/0/0/0/1
55#0.6111111#0.9948638/0.1011289/0.004348636/0.4523691/-0.09903635/0.9635999/0.2483285/0.9944645/0.02092284/-0.2474837/0.9686661/0.992599/0/0/0/1
56#0.6222222#0.9948638/0.1011289/0.004348636/0.4523691/-0.09903635/0.9635999/0.2483285/0.9944645/0.02092284/-0.2474837/0.9686661/0.992599/0/0/0/1
57#0.6333333#0.9948638/0.1011289/0.004348636/0.4523691/-0.09903635/0.9635999/0.2483285/0.9944645/0.02092284/-0.2474837/0.9686661/0.992599/0/0/0/1
58#0.6444445#0.9948638/0.1011289/0.004348636/0.4523691/-0.09903635/0.9635999/0.2483285/0.9944645/0.02092284/-0.2474837/0.9686661/0.992599/0/0/0/1
59#0.6555555#0.9948638/0.1011289/0.004348636/0.4523691/-0.09903635/0.9635999/0.2483285/0.9944645/0.02092284/-0.2474837/0.9686661/0.992599/0/0/0/1
60#0.6666667#0.9948451/0.101313/0.004349559/0.4525064/-0.09921399/0.9635712/0.248369/0.9945514/0.02097189/-0.2475203/0.9686556/0.9925363/0/0/0/1
61#0.6777778#0.9948351/0.1014142/0.004285724/0.4529836/-0.09929723/0.9635752/0.2483206/0.9943174/0.0210536/-0.2474636/0.9686686/0.9923394/0/0/0/1
62#0.6888889#0.9948277/0.1014873/0.004253092/0.45298/-0.09935758/0.9635396/0.2484341/0.9943585/0.02111489/-0.2475718/0.9686394/0.9923332/0/0/0/1
63#0.7#0.9948283/0.1014849/0.004181982/0.4533772/-0.09933928/0.9635609/0.2483587/0.9939768/0.02117507/-0.2474898/0.968659/0.9921508/0/0/0/1
64#0.7111111#0.9948164/0.1016015/0.004168183/0.4533769/-0.09944485/0.9635043/0.2485363/0.9940163/0.02123558/-0.2476625/0.9686136/0.9921241/0/0/0/1
65#0.7222223#0.9948076/0.1016902/0.004121602/0.4534461/-0.09952299/0.9635395/0.2483681/0.9937528/0.02128528/-0.2474886/0.968657/0.9923012/0/0/0/1
66#0.7333333#0.9948148/0.1016224/0.00404388/0.4534405/-0.09943997/0.963571/0.2482795/0.9937321/0.02133418/-0.2473943/0.96868/0.9923086/0/0/0/1
67#0.7444445#0.994818/0.101593/0.004044114/0.4532461/-0.09941177/0.9635757/0.2482722/0.9938017/0.02132591/-0.2473876/0.9686819/0.9923718/0/0/0/1
68#0.7555556#0.9948152/0.1016168/0.004065156/0.453383/-0.09943988/0.9635716/0.2482771/0.9937123/0.02131204/-0.2473941/0.9686804/0.992348/0/0/0/1
69#0.7666667#0.9948225/0.1015491/0.003991395/0.4533741/-0.09935506/0.9635681/0.2483243/0.9936991/0.02137113/-0.2474352/0.9686686/0.9923494/0/0/0/1
70#0.7777778#0.9948316/0.1014607/0.003976346/0.4532906/-0.09926395/0.9635564/0.2484061/0.9937688/0.02137204/-0.247517/0.9686478/0.9924178/0/0/0/1
71#0.7888889#0.9948283/0.1014923/0.004035476/0.4532903/-0.09931106/0.9635739/0.2483198/0.9937569/0.02131407/-0.2474363/0.9686697/0.9924304/0/0/0/1
72#0.8#0.9948134/0.1016416/0.003896235/0.4531144/-0.09942242/0.963577/0.248263/0.9939107/0.02147952/-0.2473628/0.9686847/0.9925094/0/0/0/1
73#0.8111112#0.9948105/0.1016667/0.003990976/0.4531192/-0.0994717/0.9635888/0.2481976/0.9939027/0.02138778/-0.2473066/0.9687011/0.9925337/0/0/0/1
74#0.8222222#0.9948193/0.1015831/0.003910186/0.452942/-0.09937108/0.963603/0.2481823/0.994074/0.02144328/-0.2472852/0.9687054/0.9925652/0/0/0/1
75#0.8333334#0.9948026/0.1017498/0.003824055/0.4529225/-0.09951106/0.9635868/0.2481895/0.9940823/0.02156843/-0.2472802/0.9687039/0.9925897/0/0/0/1
76#0.8444445#0.9948078/0.1016996/0.003819407/0.4529118/-0.09946273/0.9636087/0.2481242/0.9940788/0.02155372/-0.2472159/0.9687207/0.9926119/0/0/0/1
77#0.8555556#0.9948066/0.1017085/0.003899573/0.4528601/-0.09948888/0.9635789/0.2482288/0.9941571/0.02148944/-0.2473276/0.9686935/0.9924598/0/0/0/1
78#0.8666667#0.9947985/0.1017885/0.003869234/0.4528534/-0.09955709/0.9635513/0.2483086/0.9941738/0.02154677/-0.2474023/0.9686732/0.9924533/0/0/0/1
79#0.8777778#0.9947963/0.1018093/0.003868014/0.4527197/-0.09957305/0.963505/0.2484816/0.9942751/0.02157089/-0.2475738/0.9686289/0.9924526/0/0/0/1
80#0.8888889#0.9948/0.1017741/0.003855884/0.4527/-0.09953965/0.9635513/0.248316/0.9942672/0.0215568/-0.2474086/0.9686713/0.992449/0/0/0/1
81#0.9#0.9948074/0.101703/0.003848464/0.4527711/-0.09946802/0.9635478/0.248358/0.9942048/0.02155057/-0.2474511/0.9686606/0.9925566/0/0/0/1
82#0.9111111#0.9948212/0.101568/0.003843343/0.4527581/-0.09933936/0.9635997/0.248208/0.9941969/0.02150655/-0.2473043/0.9686992/0.992568/0/0/0/1
83#0.9222223#0.9948117/0.1016691/0.003668608/0.4529722/-0.09939164/0.9635668/0.2483145/0.9940803/0.02171096/-0.2473908/0.9686725/0.9924171/0/0/0/1
84#0.9333333#0.9947994/0.1017882/0.003642648/0.4529679/-0.09949718/0.9635167/0.2484669/0.9941148/0.02178126/-0.2475372/0.9686335/0.9924085/0/0/0/1
85#0.9444445#0.9948013/0.1017685/0.003646552/0.4528988/-0.0994779/0.9635056/0.2485179/0.9941471/0.02177782/-0.2475887/0.9686204/0.9924116/0/0/0/1
86#0.9555556#0.9948059/0.1017268/0.0035902/0.4530033/-0.09942812/0.9635628/0.2483154/0.9940138/0.02180095/-0.2473826/0.9686725/0.9924495/0/0/0/1
87#0.9666667#0.9947974/0.1018067/0.003655525/0.4531295/-0.09952089/0.9635444/0.2483499/0.9940163/0.02176143/-0.2474217/0.9686634/0.9924622/0/0/0/1
88#0.9777778#0.9947844/0.1019334/0.003675045/0.4533475/-0.09964183/0.9634565/0.2486427/0.9937093/0.02180424/-0.247712/0.9685883/0.9923494/0/0/0/1
89#0.9888889#0.9947628/0.102144/0.003689973/0.4533647/-0.09985246/0.9634678/0.2485143/0.9936719/0.02182908/-0.2475812/0.9686211/0.9923475/0/0/0/1
90#1#0.9947768/0.1020057/0.003735303/0.4531896/-0.09972975/0.9634811/0.248512/0.993872/0.02175074/-0.2475864/0.9686216/0.9924228/0/0/0/1
91#1.011111#0.9947723/0.1020497/0.003734111/0.453187/-0.09977492/0.9635092/0.2483848/0.9938536/0.02174975/-0.2474589/0.9686542/0.9924388/0/0/0/1
92#1.022222#0.9947769/0.1019983/0.003902139/0.4533702/-0.09976391/0.9634785/0.2485082/0.993766/0.02158777/-0.2475995/0.9686221/0.9923182/0/0/0/1
93#1.033333#0.9947867/0.1019078/0.00374025/0.453225/-0.09963717/0.963503/0.2484641/0.9938833/0.02171667/-0.2475415/0.9686339/0.9923062/0/0/0/1
94#1.044444#0.9947903/0.1018724/0.003768118/0.4531773/-0.09961105/0.9635196/0.2484103/0.9939238/0.0216755/-0.2474915/0.9686477/0.9922991/0/0/0/1
95#1.055556#0.9947922/0.1018623/0.003554379/0.4531971/-0.09954957/0.9635397/0.2483568/0.9939373/0.02187341/-0.2474173/0.9686621/0.9922814/0/0/0/1
96#1.066667#0.9947921/0.1018636/0.003537862/0.453198/-0.09954592/0.9635305/0.2483941/0.9939427/0.02189348/-0.2474526/0.9686526/0.9922652/0/0/0/1
97#1.077778#0.9948095/0.1016867/0.003719746/0.4534172/-0.0994185/0.9635311/0.2484428/0.9936851/0.02167924/-0.2475231/0.9686394/0.9922311/0/0/0/1
98#1.088889#0.9948007/0.1017767/0.003618984/0.4534127/-0.09948225/0.9635426/0.2483727/0.9936711/0.0217915/-0.2474414/0.9686578/0.992219/0/0/0/1
99#1.1#0.9948097/0.1016905/0.003553035/0.4535614/-0.0993834/0.9635639/0.2483296/0.9935693/0.02182917/-0.2473938/0.9686691/0.9921441/0/0/0/1
100#1.111111#0.9947855/0.1019233/0.003661365/0.4535872/-0.099635/0.9635291/0.2483637/0.9935783/0.02178623/-0.2474334/0.9686599/0.9921353/0/0/0/1
101#1.122222#0.9947847/0.1019276/0.003762183/0.4536065/-0.0996651/0.9635375/0.2483186/0.9935731/0.02168552/-0.2473985/0.968671/0.9921198/0/0/0/1
102#1.133333#0.9947731/0.1020449/0.003613114/0.4536129/-0.09973986/0.9635073/0.2484063/0.9935762/0.02186733/-0.2474683/0.9686492/0.9921007/0/0/0/1
103#1.144444#0.9947817/0.1019559/0.003785671/0.4541488/-0.09969439/0.9634894/0.2484941/0.9932272/0.02168799/-0.2475748/0.968626/0.9918444/0/0/0/1
104#1.155556#0.9947771/0.1019968/0.003921537/0.4541064/-0.09977292/0.9635422/0.2482574/0.9932017/0.0215429/-0.247352/0.9686862/0.9918413/0/0/0/1
105#1.166667#0.9947683/0.1020802/0.003972737/0.4541411/-0.09986377/0.9635028/0.2483737/0.9931889/0.0215263/-0.247471/0.9686561/0.9918094/0/0/0/1
106#1.177778#0.994782/0.101942/0.004082146/0.4541592/-0.09975741/0.9635193/0.2483527/0.9930909/0.02138434/-0.2474641/0.9686611/0.991709/0/0/0/1
107#1.188889#0.9947658/0.1020899/0.004309297/0.4542249/-0.09995575/0.9634858/0.2484028/0.9930716/0.02120746/-0.2475333/0.9686472/0.9916801/0/0/0/1
108#1.2#0.9947661/0.1020891/0.004278122/0.4539391/-0.09994551/0.9634656/0.2484857/0.9932024/0.02124586/-0.2476127/0.9686261/0.9916036/0/0/0/1
109#1.211111#0.9947571/0.1021753/0.004299462/0.4539555/-0.1000335/0.9634475/0.24852/0.993207/0.02125029/-0.2476471/0.9686172/0.9915657/0/0/0/1
110#1.222222#0.9947534/0.1022099/0.004326076/0.4541196/-0.1000751/0.9634612/0.2484501/0.9930093/0.02122605/-0.2475795/0.968635/0.9913785/0/0/0/1
111#1.233333#0.9947639/0.1021059/0.004392955/0.4541345/-0.09998974/0.9634562/0.2485041/0.9930042/0.02114131/-0.2476422/0.9686209/0.991312/0/0/0/1
112#1.244444#0.9947796/0.1019544/0.004333287/0.4540673/-0.0998292/0.963484/0.2484607/0.9931456/0.0211566/-0.2475962/0.9686323/0.9912987/0/0/0/1
113#1.255556#0.9947791/0.1019588/0.004368993/0.45408/-0.09984259/0.9634857/0.2484487/0.9931402/0.02112207/-0.2475877/0.9686352/0.9912426/0/0/0/1
114#1.266667#0.9948133/0.1016272/0.004289717/0.4541774/-0.09950349/0.9635409/0.2483707/0.9930179/0.0211079/-0.2475094/0.9686555/0.9911854/0/0/0/1
115#1.277778#0.994829/0.1014643/0.004495475/0.4537346/-0.09939996/0.9635913/0.2482167/0.9932678/0.02085334/-0.24738/0.9686941/0.9913819/0/0/0/1
116#1.288889#0.9948341/0.1014147/0.004482002/0.453719/-0.09934939/0.963607/0.2481766/0.9932532/0.02084985/-0.2473399/0.9687046/0.9913588/0/0/0/1
117#1.3#0.9948164/0.1015836/0.004589409/0.4536505/-0.09953338/0.9635133/0.248466/0.9932475/0.0208181/-0.2476348/0.9686298/0.9911351/0/0/0/1
118#1.311111#0.9947821/0.1019174/0.004629435/0.4536339/-0.0998665/0.9634778/0.2484696/0.9932424/0.02086301/-0.2476354/0.9686286/0.9910779/0/0/0/1
119#1.322222#0.9947471/0.1022523/0.004757792/0.4536123/-0.1002237/0.9634529/0.2484222/0.9932121/0.02081785/-0.2475941/0.9686401/0.9910302/0/0/0/1
120#1.333333#0.9947327/0.1023851/0.004906087/0.4535943/-0.1003884/0.9634281/0.248452/0.9931984/0.02071113/-0.2476359/0.9686317/0.9909887/0/0/0/1
121#1.344445#0.9946988/0.1027133/0.00493473/0.4539917/-0.1007139/0.9634008/0.2484263/0.9931366/0.02076257/-0.2476064/0.9686382/0.99055/0/0/0/1
122#1.355556#0.994715/0.1025587/0.004877537/0.4539639/-0.1005488/0.9634035/0.2484826/0.993145/0.02078501/-0.2476598/0.968624/0.9904623/0/0/0/1
123#1.366667#0.9948152/0.1015933/0.004650563/0.4538867/-0.09956032/0.9635394/0.2483539/0.9933313/0.02075009/-0.2475292/0.9686582/0.9905801/0/0/0/1
124#1.377778#0.9948659/0.1010991/0.004568041/0.4535164/-0.09906817/0.9636739/0.2480282/0.9936389/0.02067332/-0.2472074/0.968742/0.9910588/0/0/0/1
125#1.388889#0.9948948/0.1008155/0.004539669/0.4535102/-0.09878764/0.9637164/0.247975/0.9936621/0.02062478/-0.2471575/0.9687558/0.9910495/0/0/0/1
126#1.4#0.9949082/0.1006741/0.004744439/0.4533107/-0.09870636/0.9637876/0.2477306/0.9936632/0.02036741/-0.2469375/0.9688174/0.9914255/0/0/0/1
127#1.411111#0.9949268/0.1004976/0.004565328/0.4526447/-0.09849646/0.9638735/0.24748/0.9938842/0.02047073/-0.2466741/0.9688823/0.9917004/0/0/0/1
128#1.422222#0.9949254/0.1005074/0.004635156/0.4526346/-0.09852271/0.9638649/0.2475029/0.9938927/0.02040821/-0.2467037/0.9688761/0.9917469/0/0/0/1
129#1.433333#0.9949347/0.1004099/0.00478363/0.45265/-0.09846259/0.963843/0.2476123/0.9940468/0.02025206/-0.2468291/0.9688474/0.9915621/0/0/0/1
130#1.444445#0.9949038/0.1007117/0.004860852/0.4526421/-0.09877349/0.963805/0.2476362/0.994071/0.02025493/-0.2468543/0.9688409/0.9915702/0/0/0/1
131#1.455556#0.9948747/0.1009916/0.004997046/0.4524015/-0.09908022/0.9637969/0.2475452/0.9943042/0.02018385/-0.2467715/0.9688635/0.9914954/0/0/0/1
132#1.466667#0.9948585/0.1011461/0.005099447/0.4523751/-0.09925509/0.9637787/0.2475462/0.9943439/0.02012359/-0.2467796/0.9688626/0.9915042/0/0/0/1
133#1.477778#0.9948496/0.1012256/0.00523642/0.4525459/-0.09936657/0.9637745/0.2475174/0.9941777/0.02000838/-0.2467629/0.9688694/0.9915361/0/0/0/1
134#1.488889#0.9948506/0.1012155/0.005269083/0.452518/-0.09936614/0.9637917/0.2474508/0.9941947/0.01996754/-0.2467001/0.9688861/0.991555/0/0/0/1
135#1.5#0.9948616/0.101114/0.005137089/0.4524981/-0.09923597/0.9638136/0.2474178/0.994203/0.02006621/-0.2466563/0.9688953/0.9916565/0/0/0/1
136#1.511111#0.9948757/0.1009789/0.005069256/0.4524522/-0.09908836/0.9638293/0.2474157/0.9942315/0.02009785/-0.2466502/0.9688961/0.9916806/0/0/0/1
137#1.522222#0.994867/0.1010615/0.005119415/0.4524161/-0.09918149/0.9638282/0.2473829/0.9942509/0.02006665/-0.2466208/0.9689043/0.9916949/0/0/0/1
138#1.533333#0.9948698/0.10103/0.00520563/0.4521703/-0.09917008/0.9638028/0.2474862/0.994545/0.01998633/-0.2467328/0.9688774/0.9915862/0/0/0/1
139#1.544444#0.9949091/0.1006501/0.005040555/0.4520001/-0.09876251/0.9638596/0.2474276/0.9945025/0.02004522/-0.2466658/0.9688933/0.9915779/0/0/0/1
140#1.555556#0.9949395/0.1003537/0.004950585/0.4520501/-0.0984535/0.9638953/0.2474123/0.9944808/0.02005689/-0.2466477/0.9688976/0.9915786/0/0/0/1
141#1.566667#0.9949747/0.1000061/0.004902421/0.4519897/-0.09810355/0.9639148/0.2474748/0.9945167/0.02002346/-0.2467121/0.9688818/0.9915848/0/0/0/1
142#1.577778#0.9950008/0.09975713/0.004676757/0.4520565/-0.09781064/0.9639928/0.2472871/0.9945002/0.02016029/-0.2465083/0.968931/0.9917169/0/0/0/1
143#1.588889#0.9950137/0.09962827/0.004693924/0.4520057/-0.09769151/0.9640232/0.2472153/0.9945077/0.02010458/-0.2464412/0.9689492/0.9917507/0/0/0/1
144#1.6#0.9950088/0.09968058/0.004619419/0.4520447/-0.09772327/0.9640132/0.2472424/0.9943193/0.02019209/-0.2464598/0.9689426/0.9917619/0/0/0/1
145#1.611111#0.9950359/0.0994115/0.004566162/0.4520682/-0.09744965/0.9640433/0.2472325/0.9942571/0.02017578/-0.2464502/0.9689454/0.9917321/0/0/0/1
146#1.622222#0.9950659/0.09910975/0.004591196/0.4520371/-0.09716272/0.964063/0.2472688/0.9942527/0.02008054/-0.2464948/0.9689361/0.9917574/0/0/0/1
147#1.633333#0.9950718/0.09905271/0.00453979/0.4521511/-0.097096/0.9640849/0.2472097/0.9942261/0.02011004/-0.2464322/0.9689513/0.9916768/0/0/0/1
148#1.644444#0.9950746/0.09903249/0.004379453/0.4520899/-0.09703633/0.9640838/0.2472376/0.9942381/0.0202624/-0.2464448/0.9689449/0.9916785/0/0/0/1
149#1.655556#0.9950377/0.09939168/0.004608961/0.4521317/-0.09743891/0.9640188/0.2473325/0.9944235/0.02013967/-0.2465543/0.9689197/0.9916482/0/0/0/1
150#1.666667#0.9950431/0.09934033/0.004556925/0.4520863/-0.09737844/0.9640507/0.2472319/0.9944433/0.020167/-0.2464502/0.9689456/0.9916639/0/0/0/1
151#1.677778#0.9950497/0.09927651/0.004498301/0.4523389/-0.09730341/0.9640735/0.2471722/0.9941146/0.02020171/-0.2463863/0.9689611/0.9916089/0/0/0/1
152#1.688889#0.9950626/0.09915422/0.00434208/0.4522893/-0.09714444/0.9640653/0.2472672/0.9941471/0.02033153/-0.2464681/0.9689378/0.9916079/0/0/0/1
153#1.7#0.995034/0.09943899/0.004375489/0.4522988/-0.09743228/0.9640815/0.2470907/0.9942503/0.02035211/-0.2462899/0.9689826/0.9916794/0/0/0/1
154#1.711111#0.9950106/0.09965996/0.004709689/0.4523544/-0.09772417/0.9639963/0.2473084/0.994156/0.02010661/-0.2465346/0.9689255/0.9915824/0/0/0/1
155#1.722222#0.9950084/0.0996789/0.004715206/0.4523315/-0.09774622/0.9640228/0.2471957/0.9941508/0.02009462/-0.2464226/0.9689543/0.9916012/0/0/0/1
156#1.733333#0.9949973/0.099796/0.004588126/0.4525086/-0.09782618/0.963988/0.2472998/0.9941617/0.02025663/-0.2465114/0.9689282/0.991452/0/0/0/1
157#1.744444#0.9950235/0.09953717/0.004542916/0.4524823/-0.09756597/0.9640352/0.2472185/0.9941622/0.02022791/-0.2464315/0.968949/0.9914453/0/0/0/1
158#1.755556#0.9950401/0.09937169/0.004537165/0.4524552/-0.09740566/0.9640689/0.2471498/0.9940888/0.02018555/-0.2463659/0.9689667/0.9915552/0/0/0/1
159#1.766667#0.99503/0.09946526/0.004690915/0.4523187/-0.09753618/0.9640803/0.2470539/0.9941438/0.02005086/-0.2462836/0.9689904/0.9916742/0/0/0/1
160#1.777778#0.9950256/0.0995098/0.004668327/0.4525598/-0.09757258/0.964062/0.2471112/0.9940056/0.02008943/-0.2463375/0.9689759/0.991641/0/0/0/1
161#1.788889#0.9950304/0.09946091/0.004698067/0.4524157/-0.09753211/0.9640607/0.2471321/0.9940939/0.02005076/-0.2463621/0.9689704/0.9916427/0/0/0/1
162#1.8#0.9950399/0.09936617/0.004676999/0.4524121/-0.09743503/0.9640696/0.2471361/0.9940906/0.02004801/-0.246366/0.9689694/0.9916551/0/0/0/1
163#1.811111#0.9950233/0.09952968/0.004740328/0.4525249/-0.09760741/0.9640321/0.2472148/0.994175/0.02003538/-0.2464472/0.968949/0.9915438/0/0/0/1
164#1.822222#0.995007/0.09968844/0.004834502/0.4525332/-0.09778678/0.9640424/0.2471028/0.9941641/0.01997263/-0.2463417/0.9689772/0.9915497/0/0/0/1
165#1.833333#0.994991/0.09984132/0.004963907/0.4524054/-0.09796823/0.9640424/0.2470312/0.9942788/0.01987851/-0.2462802/0.9689947/0.9915984/0/0/0/1
166#1.844445#0.9949781/0.09997318/0.004884689/0.4523993/-0.09807567/0.9640213/0.2470711/0.9942937/0.01999154/-0.2463094/0.9689849/0.991617/0/0/0/1
167#1.855556#0.9949801/0.09995194/0.004921976/0.4519204/-0.09806322/0.9640096/0.2471216/0.994485/0.01995546/-0.2463638/0.968972/0.9917514/0/0/0/1
168#1.866667#0.9950008/0.09974577/0.00490743/0.4519181/-0.09786348/0.9640746/0.2469469/0.9944819/0.01990077/-0.2461926/0.9690167/0.9917843/0/0/0/1
169#1.877778#0.9950104/0.09964499/0.005024851/0.451911/-0.09779198/0.964047/0.2470828/0.9945105/0.01977637/-0.2463413/0.9689813/0.9918084/0/0/0/1
170#1.888889#0.9950067/0.09968372/0.00498879/0.4516755/-0.09781971/0.9640329/0.247127/0.9947599/0.01982518/-0.246381/0.9689702/0.9917979/0/0/0/1
171#1.9#0.9950168/0.09958727/0.00488931/0.4516266/-0.0977024/0.9640528/0.2470957/0.994786/0.01989404/-0.2463421/0.9689789/0.9918036/0/0/0/1
172#1.911111#0.995005/0.09969882/0.00502071/0.4520694/-0.09784014/0.9640051/0.2472275/0.9944526/0.0198083/-0.2464839/0.9689444/0.9916463/0/0/0/1
173#1.922222#0.9949995/0.09975595/0.004966081/0.4520424/-0.09788252/0.964007/0.2472036/0.9944606/0.01987269/-0.2464535/0.9689509/0.9916553/0/0/0/1
174#1.933333#0.9950014/0.09974138/0.004889579/0.4519871/-0.09784973/0.9640124/0.2471951/0.9944539/0.01994197/-0.2464379/0.9689533/0.9916768/0/0/0/1
175#1.944445#0.9950095/0.09966347/0.004819216/0.4519454/-0.09775823/0.9640383/0.2471304/0.9944581/0.01998397/-0.2463683/0.9689702/0.9916773/0/0/0/1
176#1.955556#0.9950211/0.09954952/0.004784466/0.4519123/-0.09763722/0.9640251/0.2472299/0.9944819/0.01999927/-0.2464661/0.968945/0.9916778/0/0/0/1
177#1.966667#0.9950288/0.09946487/0.004938694/0.4521412/-0.09759501/0.9640518/0.2471424/0.9942662/0.01982083/-0.2463958/0.9689667/0.9915931/0/0/0/1
178#1.977778#0.995038/0.09936988/0.00499049/0.4521275/-0.0975155/0.9640569/0.2471537/0.9942809/0.01974851/-0.246414/0.9689634/0.9915977/0/0/0/1
179#1.988889#0.9950376/0.09937966/0.004894136/0.4523363/-0.09749711/0.964007/0.2473556/0.9942207/0.01986413/-0.2466052/0.9689124/0.9915879/0/0/0/1
180#2#0.9950384/0.09937375/0.004826367/0.4523234/-0.09747802/0.9640508/0.2471922/0.9941981/0.01991156/-0.2464362/0.9689544/0.9915943/0/0/0/1
181#2.011111#0.9950408/0.09935065/0.004828573/0.4521101/-0.09745631/0.9640545/0.2471865/0.9944339/0.01990313/-0.2464312/0.9689561/0.9916453/0/0/0/1
182#2.022222#0.9950337/0.09942032/0.004853275/0.4521019/-0.09752942/0.9640411/0.2472098/0.9944386/0.01989892/-0.2464555/0.9689497/0.9916542/0/0/0/1
183#2.033333#0.9950319/0.09943608/0.004897117/0.4522166/-0.09755341/0.9640127/0.2473113/0.9942877/0.01987078/-0.2465604/0.9689236/0.9916255/0/0/0/1
184#2.044445#0.9950338/0.09941681/0.004902483/0.4522135/-0.0975353/0.964005/0.2473485/0.9943033/0.01986458/-0.2465982/0.9689142/0.9916277/0/0/0/1
185#2.055556#0.9950181/0.09957068/0.004946621/0.4522693/-0.09769739/0.9640154/0.2472438/0.9942561/0.01984961/-0.2464953/0.9689407/0.9915969/0/0/0/1
186#2.066667#0.9950088/0.09966773/0.004881233/0.4525851/-0.09777299/0.9639787/0.247357/0.9940429/0.01994811/-0.2465996/0.9689121/0.9915252/0/0/0/1
187#2.077778#0.9950064/0.09968639/0.004992991/0.4525973/-0.09781896/0.9639784/0.24734/0.9940525/0.0198433/-0.2465933/0.9689159/0.9915223/0/0/0/1
188#2.088889#0.9949953/0.09979531/0.005031316/0.4525689/-0.09793651/0.9639987/0.2472145/0.994013/0.01982066/-0.24647/0.9689477/0.9915926/0/0/0/1
189#2.1#0.9950001/0.09974805/0.004994541/0.4525639/-0.09787929/0.963975/0.2473295/0.9940301/0.01985602/-0.2465818/0.9689186/0.9915919/0/0/0/1
190#2.111111#0.9950017/0.09973532/0.004952667/0.4525654/-0.09785679/0.9639792/0.2473221/0.9940329/0.01989248/-0.2465705/0.9689206/0.9915857/0/0/0/1
191#2.122222#0.9950075/0.09967732/0.004963041/0.452569/-0.09780128/0.9639612/0.2474138/0.9940332/0.01987737/-0.246664/0.9688971/0.9915881/0/0/0/1
192#2.133333#0.9950157/0.09959625/0.004935384/0.4526145/-0.09771583/0.9639686/0.2474185/0.99401/0.0198844/-0.2466676/0.9688962/0.9915838/0/0/0/1
193#2.144444#0.9950175/0.09957802/0.004915715/0.4526263/-0.09769424/0.9639829/0.2473722/0.994/0.01989417/-0.24662/0.9689081/0.9915955/0/0/0/1
194#2.155556#0.9950315/0.09944133/0.004878222/0.4525929/-0.09755387/0.964013/0.2473098/0.9940248/0.01989015/-0.2465569/0.9689241/0.9916642/0/0/0/1
195#2.166667#0.9950275/0.09948242/0.004840434/0.4525871/-0.09758376/0.9640025/0.2473388/0.9940228/0.01993967/-0.2465813/0.9689169/0.9916749/0/0/0/1
196#2.177778#0.9950097/0.09966006/0.004846874/0.4523954/-0.09775966/0.9640121/0.2472319/0.9941121/0.0199667/-0.2464719/0.9689444/0.9917536/0/0/0/1
197#2.188889#0.9950044/0.0997044/0.00500697/0.452457/-0.09783999/0.963978/0.2473332/0.994127/0.0198336/-0.2465876/0.9689175/0.991698/0/0/0/1
198#2.2#0.995002/0.09973563/0.004886658/0.452442/-0.09784118/0.9639854/0.2473041/0.9941248/0.01995436/-0.2465462/0.9689256/0.991713/0/0/0/1
199#2.211111#0.9950032/0.09972033/0.004953175/0.4525338/-0.09784319/0.9639903/0.2472839/0.9940896/0.01988442/-0.2465329/0.9689304/0.9916706/0/0/0/1
200#2.222222#0.9950033/0.09972361/0.004856049/0.4525211/-0.09782207/0.9639883/0.2473003/0.9940928/0.0199805/-0.2465396/0.9689267/0.9916811/0/0/0/1
201#2.233333#0.995019/0.09957066/0.004773946/0.4520313/-0.09766128/0.9640993/0.2469307/0.9944537/0.0199845/-0.246167/0.9690214/0.9918983/0/0/0/1
202#2.244445#0.9950287/0.09947345/0.004793228/0.4520231/-0.09757043/0.9640909/0.2469995/0.9944736/0.01994878/-0.2462393/0.9690037/0.9919214/0/0/0/1
203#2.255556#0.9950456/0.09930465/0.004761369/0.4518878/-0.09739906/0.9641089/0.2469973/0.9945364/0.01993749/-0.2462373/0.9690045/0.9919806/0/0/0/1
204#2.266667#0.9950299/0.09946123/0.004803896/0.4519742/-0.09755875/0.9640614/0.2471193/0.9944561/0.01994754/-0.2463597/0.9689732/0.9919381/0/0/0/1
205#2.277778#0.9950393/0.09936161/0.004891217/0.4519721/-0.09748527/0.9640881/0.2470442/0.9944389/0.01983114/-0.2462955/0.9689918/0.9919672/0/0/0/1
206#2.288889#0.9950252/0.09950861/0.004791828/0.4519809/-0.09760109/0.9640498/0.2471479/0.9944284/0.01997379/-0.2463861/0.9689658/0.9919336/0/0/0/1
207#2.3#0.9950387/0.09936912/0.004846931/0.4519775/-0.0974785/0.9640495/0.2471973/0.9944309/0.0198911/-0.2464434/0.968953/0.9919488/0/0/0/1
208#2.311111#0.9950267/0.0994925/0.004788012/0.4520932/-0.09758496/0.9640567/0.2471271/0.9943229/0.01997137/-0.2463653/0.9689713/0.9919195/0/0/0/1
209#2.322222#0.9950327/0.0994346/0.004769923/0.452077/-0.09752379/0.9640552/0.2471572/0.9943259/0.01997751/-0.2463947/0.9689636/0.9919274/0/0/0/1
210#2.333333#0.9950215/0.09955075/0.004673272/0.4520719/-0.09761133/0.9640316/0.2472146/0.9943322/0.02010521/-0.24644/0.9689494/0.9919472/0/0/0/1
211#2.344445#0.9950239/0.0995224/0.004766792/0.4520773/-0.09760653/0.9640273/0.2472331/0.9943444/0.02000991/-0.2464681/0.9689443/0.9919639/0/0/0/1
212#2.355556#0.9950354/0.09940612/0.004832624/0.4523706/-0.09750842/0.964016/0.2473157/0.9941688/0.01992597/-0.2465591/0.9689229/0.9918156/0/0/0/1
213#2.366667#0.9950176/0.09958478/0.004811971/0.4523746/-0.09767915/0.9640329/0.247183/0.9941524/0.01997676/-0.2464214/0.9689569/0.9918315/0/0/0/1
214#2.377778#0.9950233/0.09953158/0.004741759/0.4523784/-0.09760871/0.9640206/0.2472594/0.9941431/0.02003896/-0.2464917/0.9689379/0.9918687/0/0/0/1
215#2.388889#0.9950219/0.09954258/0.004771025/0.4523813/-0.09762511/0.9640005/0.2473304/0.9941365/0.02002063/-0.2465649/0.9689195/0.9918833/0/0/0/1
216#2.4#0.9950292/0.09947021/0.004759999/0.4523964/-0.09755144/0.9639975/0.2473712/0.9942853/0.02001743/-0.2466058/0.9689093/0.9917145/0/0/0/1
217#2.411111#0.9950313/0.09944528/0.004816832/0.452424/-0.09754194/0.9640065/0.2473398/0.9942765/0.01995331/-0.2465807/0.9689168/0.9917684/0/0/0/1
218#2.422222#0.9950296/0.09946313/0.00481394/0.4524259/-0.09756041/0.9640283/0.2472477/0.9942806/0.01995125/-0.2464884/0.9689404/0.9917605/0/0/0/1
219#2.433333#0.9950482/0.09928068/0.004715444/0.4519964/-0.09736302/0.9640937/0.2470705/0.994469/0.01998319/-0.2463062/0.968986/0.9919074/0/0/0/1
220#2.444444#0.9950434/0.09932784/0.004754452/0.451988/-0.09741569/0.9640553/0.2471991/0.9944948/0.0199702/-0.246437/0.968953/0.9919171/0/0/0/1
221#2.455556#0.9950383/0.09937402/0.004864934/0.4519821/-0.09748629/0.9640313/0.2472652/0.9944783/0.01988178/-0.2465125/0.9689358/0.9919152/0/0/0/1
222#2.466667#0.9950305/0.09945372/0.004816086/0.4517889/-0.09755129/0.9640223/0.2472742/0.9946891/0.01994952/-0.2465151/0.9689336/0.9918435/0/0/0/1
223#2.477778#0.995028/0.09947602/0.004886119/0.4520288/-0.09758808/0.9639929/0.2473747/0.9945146/0.01989767/-0.2466216/0.9689075/0.9917834/0/0/0/1
224#2.488889#0.9950298/0.09945735/0.004873336/0.4520751/-0.09756887/0.96402/0.2472763/0.9944803/0.01989545/-0.2465228/0.9689327/0.9918587/0/0/0/1
225#2.5#0.9950293/0.09946111/0.004925013/0.4520842/-0.09758374/0.9639996/0.2473501/0.9945035/0.01985401/-0.2466012/0.9689137/0.9918654/0/0/0/1
226#2.511111#0.9950346/0.09941301/0.004838139/0.4520322/-0.09751658/0.964017/0.2473091/0.9944894/0.01992169/-0.2465529/0.9689246/0.991852/0/0/0/1
227#2.522222#0.9950401/0.09935731/0.004827438/0.4520211/-0.09746214/0.9640496/0.2472031/0.9944862/0.01990755/-0.2464475/0.9689516/0.9918623/0/0/0/1
228#2.533333#0.9950289/0.0994707/0.004815908/0.4518731/-0.09757005/0.9640498/0.2471599/0.9944987/0.01994239/-0.2464011/0.9689627/0.9919233/0/0/0/1
229#2.544445#0.9950429/0.09933147/0.004782945/0.4518472/-0.09742594/0.9640508/0.2472131/0.9944974/0.01994504/-0.2464536/0.9689493/0.991931/0/0/0/1
230#2.555556#0.9950467/0.09929524/0.004735827/0.4519024/-0.09738024/0.9640681/0.2471637/0.9945058/0.01997652/-0.2464007/0.9689621/0.9918432/0/0/0/1
231#2.566667#0.9950477/0.09928165/0.004807832/0.4517342/-0.09738353/0.9640515/0.2472265/0.994612/0.01991006/-0.2464704/0.9689458/0.9918971/0/0/0/1
232#2.577778#0.9950414/0.09934667/0.004781963/0.4518289/-0.09743962/0.9640394/0.2472518/0.9946535/0.01995365/-0.2464917/0.9689395/0.9919229/0/0/0/1
233#2.588889#0.9950475/0.09928386/0.004814415/0.4517214/-0.09738751/0.964054/0.2472157/0.9946663/0.01990317/-0.2464603/0.9689485/0.9919953/0/0/0/1
234#2.6#0.9950354/0.09940568/0.004803479/0.4517141/-0.09750354/0.964051/0.2471815/0.9946872/0.01994044/-0.2464227/0.9689573/0.9920032/0/0/0/1
235#2.611111#0.9950439/0.09932106/0.004767329/0.4516906/-0.09741327/0.964068/0.2471508/0.9946907/0.01995124/-0.2463903/0.9689652/0.992022/0/0/0/1
236#2.622222#0.9950388/0.09937124/0.004814447/0.4516886/-0.0974721/0.9640446/0.2472191/0.9947195/0.01992512/-0.2464619/0.9689476/0.992034/0/0/0/1
237#2.633333#0.995043/0.09932873/0.004793761/0.4515194/-0.09742679/0.9640612/0.2471718/0.9948965/0.01992978/-0.2464136/0.9689598/0.9919558/0/0/0/1
238#2.644444#0.9950348/0.09941026/0.004831313/0.4515084/-0.09751289/0.9640258/0.2472762/0.9949285/0.01992428/-0.2465195/0.968933/0.9919538/0/0/0/1
239#2.655556#0.9950341/0.09941976/0.004781218/0.4515822/-0.09750798/0.9640044/0.2473615/0.9948028/0.0199835/-0.2465993/0.9689115/0.9918859/0/0/0/1
240#2.666667#0.9950311/0.09944043/0.004962951/0.4516311/-0.09757338/0.9640048/0.2473342/0.9947866/0.01981071/-0.2465895/0.9689177/0.9919255/0/0/0/1
241#2.677778#0.995031/0.09944359/0.004910707/0.4516083/-0.09756397/0.9640108/0.2473143/0.9948001/0.01985985/-0.2465646/0.9689229/0.9919252/0/0/0/1
242#2.688889#0.9950412/0.09933738/0.005010635/0.4515693/-0.09748501/0.9640101/0.2473485/0.9948146/0.01974064/-0.2466104/0.9689136/0.9919856/0/0/0/1
243#2.7#0.9950399/0.09934913/0.005022883/0.4515487/-0.09750135/0.9640326/0.2472539/0.99482/0.01972224/-0.2465173/0.9689377/0.991992/0/0/0/1
244#2.711111#0.9950505/0.0992426/0.005034506/0.4515503/-0.09740174/0.9640521/0.2472176/0.9947885/0.01968099/-0.2464844/0.9689469/0.9919477/0/0/0/1
245#2.722222#0.9950427/0.09932177/0.005013316/0.4515348/-0.09747496/0.964067/0.247131/0.9947894/0.01971232/-0.2463946/0.9689691/0.9919622/0/0/0/1
246#2.733333#0.9950359/0.09938797/0.005045354/0.4515808/-0.09754347/0.9640157/0.2473042/0.9948174/0.01971525/-0.2465687/0.9689248/0.9919393/0/0/0/1
247#2.744445#0.9950408/0.09933434/0.005141378/0.4515561/-0.09751633/0.9640324/0.247249/0.9948268/0.01960387/-0.2465243/0.9689382/0.9919655/0/0/0/1
248#2.755556#0.9950358/0.09938969/0.005035787/0.4515211/-0.09754263/0.9640139/0.2473115/0.9948497/0.01972563/-0.246575/0.968923/0.9919665/0/0/0/1
249#2.766667#0.9950359/0.09938412/0.005138519/0.4515445/-0.09756441/0.9640347/0.2472212/0.9946784/0.01961615/-0.2464953/0.9689454/0.9920161/0/0/0/1
250#2.777778#0.995034/0.09940512/0.005116048/0.4515235/-0.09757959/0.9640377/0.2472036/0.994684/0.01964124/-0.2464751/0.9689502/0.992022/0/0/0/1
251#2.788889#0.9950237/0.09950779/0.005097059/0.4516478/-0.09767481/0.9640335/0.247182/0.9946539/0.01968279/-0.2464498/0.9689557/0.9919801/0/0/0/1
252#2.8#0.9950235/0.09951402/0.005013498/0.4516309/-0.0976574/0.963999/0.2473229/0.9946786/0.01977909/-0.2465817/0.9689202/0.9919794/0/0/0/1
253#2.811111#0.9950314/0.09943916/0.004948945/0.4519573/-0.09756915/0.9640108/0.2473124/0.9944732/0.0198217/-0.2465665/0.9689232/0.9918261/0/0/0/1
254#2.822222#0.9950388/0.09936437/0.004950733/0.4519487/-0.09749798/0.9640287/0.2472708/0.9944757/0.01979726/-0.2465268/0.9689338/0.9918227/0/0/0/1
255#2.833333#0.9950269/0.09948288/0.00499481/0.4522383/-0.0976202/0.9639727/0.2474409/0.9943141/0.01980127/-0.2466979/0.9688901/0.9917169/0/0/0/1
256#2.844445#0.9950268/0.0994797/0.005042464/0.4522498/-0.09763388/0.9640344/0.2471946/0.9942815/0.01972974/-0.2464576/0.9689527/0.9917142/0/0/0/1
257#2.855556#0.9950325/0.09942336/0.005038232/0.452584/-0.09757613/0.9640135/0.2472993/0.9940616/0.01973041/-0.2465625/0.968926/0.9916561/0/0/0/1
258#2.866667#0.9950279/0.09947121/0.005024017/0.4525996/-0.09762011/0.9640231/0.2472446/0.9939928/0.01975045/-0.2465056/0.96894/0.9916325/0/0/0/1
259#2.877778#0.9950294/0.09945233/0.005101888/0.4526256/-0.09761989/0.9640089/0.2472997/0.9939805/0.01967627/-0.2465685/0.9689256/0.9916174/0/0/0/1
260#2.888889#0.9950324/0.09942091/0.005104332/0.4527116/-0.09759077/0.9640211/0.2472636/0.9938785/0.01966249/-0.2465335/0.9689347/0.9916782/0/0/0/1
261#2.9#0.9950204/0.09954/0.005109282/0.4527268/-0.0977057/0.9639884/0.247346/0.9938728/0.01969553/-0.2466135/0.9689137/0.991673/0/0/0/1
262#2.911111#0.9950061/0.09968401/0.005103291/0.4528298/-0.09784523/0.963993/0.2472728/0.9938017/0.01972961/-0.2465373/0.9689324/0.9917111/0/0/0/1
263#2.922222#0.9950227/0.09952009/0.005068986/0.452855/-0.09767948/0.9640291/0.2471977/0.9937791/0.01971449/-0.2464624/0.9689518/0.9917092/0/0/0/1
264#2.933333#0.9950113/0.09963357/0.005060254/0.4530743/-0.09778746/0.9640204/0.2471887/0.9937718/0.0197501/-0.2464504/0.9689541/0.9916892/0/0/0/1
265#2.944444#0.9950178/0.09956829/0.005066813/0.4530323/-0.09772439/0.9640086/0.2472595/0.9938263/0.01973476/-0.2465228/0.968936/0.991766/0/0/0/1
266#2.955556#0.9950203/0.09954801/0.004957289/0.4530556/-0.09767848/0.9640225/0.2472239/0.9938068/0.01983171/-0.2464771/0.9689456/0.9917805/0/0/0/1
267#2.966667#0.9950221/0.09952546/0.005094826/0.4528357/-0.09769287/0.9640504/0.2471092/0.9939182/0.01968199/-0.2463768/0.9689742/0.9918075/0/0/0/1
268#2.977778#0.9950261/0.09948695/0.005038201/0.4528517/-0.09763955/0.9640299/0.2472098/0.9939229/0.01973718/-0.2464722/0.9689488/0.9918087/0/0/0/1
269#2.988889#0.9950339/0.09940932/0.005031465/0.4528778/-0.09756254/0.9640362/0.2472159/0.9938755/0.01972505/-0.2464791/0.9689474/0.9917572/0/0/0/1
270#3#0.9950365/0.09938464/0.004996268/0.4529015/-0.09752896/0.9640272/0.2472645/0.9938622/0.01975776/-0.2465246/0.9689351/0.99176/0/0/0/1
271#3.011111#0.9950604/0.09915015/0.004911542/0.4536673/-0.09727265/0.9639494/0.2476685/0.9934093/0.01982189/-0.2469228/0.9688324/0.9914517/0/0/0/1
272#3.022222#0.9950604/0.09915015/0.004911542/0.4536673/-0.09727265/0.9639494/0.2476685/0.9934093/0.01982189/-0.2469228/0.9688324/0.9914517/0/0/0/1
273#3.033333#0.9950604/0.09915015/0.004911542/0.4536673/-0.09727265/0.9639494/0.2476685/0.9934093/0.01982189/-0.2469228/0.9688324/0.9914517/0/0/0/1
274#3.044445#0.9950604/0.09915015/0.004911542/0.4536673/-0.09727265/0.9639494/0.2476685/0.9934093/0.01982189/-0.2469228/0.9688324/0.9914517/0/0/0/1
275#3.055556#0.9950604/0.09915015/0.004911542/0.4536673/-0.09727265/0.9639494/0.2476685/0.9934093/0.01982189/-0.2469228/0.9688324/0.9914517/0/0/0/1
276#3.066667#0.9950604/0.09915015/0.004911542/0.4536673/-0.09727265/0.9639494/0.2476685/0.9934093/0.01982189/-0.2469228/0.9688324/0.9914517/0/0/0/1
277#3.077778#0.9950604/0.09915015/0.004911542/0.4536673/-0.09727265/0.9639494/0.2476685/0.9934093/0.01982189/-0.2469228/0.9688324/0.9914517/0/0/0/1
278#3.088889#0.9950604/0.09915015/0.004911542/0.4536673/-0.09727265/0.9639494/0.2476685/0.9934093/0.01982189/-0.2469228/0.9688324/0.9914517/0/0/0/1
279#3.1#0.9950604/0.09915015/0.004911542/0.4536673/-0.09727265/0.9639494/0.2476685/0.9934093/0.01982189/-0.2469228/0.9688324/0.9914517/0/0/0/1
280#3.111111#0.9950505/0.09925251/0.004841179/0.4533395/-0.09735806/0.9639857/0.2474929/0.9935608/0.01989746/-0.2467392/0.9688776/0.9916646/0/0/0/1
281#3.122222#0.99506/0.09915203/0.004946562/0.4533794/-0.09728792/0.9640083/0.2474331/0.9935387/0.01976497/-0.246692/0.9688923/0.991672/0/0/0/1
282#3.133333#0.995064/0.09911314/0.004912436/0.4531692/-0.09724241/0.9640203/0.2474042/0.9936624/0.01978532/-0.2466607/0.9688999/0.9917574/0/0/0/1
283#3.144444#0.9950593/0.09916128/0.004897654/0.4531768/-0.09728524/0.9640138/0.2474125/0.9936587/0.01981234/-0.2466666/0.9688979/0.9917879/0/0/0/1
284#3.155556#0.9950631/0.09913091/0.004754243/0.4532844/-0.09722035/0.9640191/0.2474173/0.9935597/0.01994352/-0.246658/0.9688973/0.9916909/0/0/0/1
285#3.166667#0.9950562/0.09919498/0.004842667/0.4533116/-0.09730283/0.9639933/0.2474851/0.9935416/0.01988099/-0.2467328/0.9688795/0.9916792/0/0/0/1
286#3.177778#0.9950342/0.09941908/0.004784883/0.4533931/-0.09750163/0.9639229/0.2476813/0.9934583/0.02001199/-0.2469179/0.9688298/0.9915774/0/0/0/1
287#3.188889#0.9950305/0.09944995/0.004897623/0.4534109/-0.09755857/0.9639071/0.2477204/0.9934244/0.01991492/-0.2469671/0.9688192/0.9915814/0/0/0/1
288#3.2#0.9950521/0.09923614/0.004847677/0.4533036/-0.09733672/0.9638995/0.2478373/0.9934896/0.01992175/-0.2470829/0.9687895/0.9916425/0/0/0/1
