0#0#1/0/0/0/0/1/0/0/0/0/1/0/0/0/0/1
1#0.01111111#1/0/0/0/0/1/0/0/0/0/1/0/0/0/0/1
2#0.02222222#1/0/0/0/0/1/0/0/0/0/1/0/0/0/0/1
3#0.03333334#1/0/0/0/0/1/0/0/0/0/1/0/0/0/0/1
4#0.04444445#1/0/0/0/0/1/0/0/0/0/1/0/0/0/0/1
5#0.05555556#1/0/0/0/0/1/0/0/0/0/1/0/0/0/0/1
6#0.06666667#1/0/0/0/0/1/0/0/0/0/1/0/0/0/0/1
7#0.07777778#1/0/0/0/0/1/0/0/0/0/1/0/0/0/0/1
8#0.08888889#1/0/0/0/0/1/0/0/0/0/1/0/0/0/0/1
9#0.1#1/0/0/0/0/1/0/0/0/0/1/0/0/0/0/1
10#0.1111111#1/0/0/0/0/1/0/0/0/0/1/0/0/0/0/1
11#0.1222222#1/0/0/0/0/1/0/0/0/0/1/0/0/0/0/1
12#0.1333333#1/0/0/0/0/1/0/0/0/0/1/0/0/0/0/1
13#0.1444445#1/0/0/0/0/1/0/0/0/0/1/0/0/0/0/1
14#0.1555556#1/0/0/0/0/1/0/0/0/0/1/0/0/0/0/1
15#0.1666667#1/0/0/0/0/1/0/0/0/0/1/0/0/0/0/1
16#0.1777778#1/0/0/0/0/1/0/0/0/0/1/0/0/0/0/1
17#0.1888889#1/0/0/0/0/1/0/0/0/0/1/0/0/0/0/1
18#0.2#1/0/0/0/0/1/0/0/0/0/1/0/0/0/0/1
19#0.2111111#1/0/0/0/0/1/0/0/0/0/1/0/0/0/0/1
20#0.2222222#1/0/0/0/0/1/0/0/0/0/1/0/0/0/0/1
21#0.2333333#1/0/0/0/0/1/0/0/0/0/1/0/0/0/0/1
22#0.2444444#1/0/0/0/0/1/0/0/0/0/1/0/0/0/0/1
23#0.2555556#1/0/0/0/0/1/0/0/0/0/1/0/0/0/0/1
24#0.2666667#1/0/0/0/0/1/0/0/0/0/1/0/0/0/0/1
25#0.2777778#1/0/0/0/0/1/0/0/0/0/1/0/0/0/0/1
26#0.2888889#1/0/0/0/0/1/0/0/0/0/1/0/0/0/0/1
27#0.3#1/0/0/0/0/1/0/0/0/0/1/0/0/0/0/1
28#0.3111111#1/0/0/0/0/1/0/0/0/0/1/0/0/0/0/1
29#0.3222222#1/0/0/0/0/1/0/0/0/0/1/0/0/0/0/1
30#0.3333333#1/0/0/0/0/1/0/0/0/0/1/0/0/0/0/1
31#0.3444445#1/0/0/0/0/1/0/0/0/0/1/0/0/0/0/1
32#0.3555556#1/0/0/0/0/1/0/0/0/0/1/0/0/0/0/1
33#0.3666667#1/0/0/0/0/1/0/0/0/0/1/0/0/0/0/1
34#0.3777778#0.8697989/-0.1280131/-0.4765108/0.3212148/0.2895203/0.9144362/0.2828153/0.9311742/0.3995346/-0.383952/0.8324379/0.9531689/0/0/0/1
35#0.3888889#0.8697989/-0.1280131/-0.4765108/0.3212148/0.2895203/0.9144362/0.2828153/0.9311742/0.3995346/-0.383952/0.8324379/0.9531689/0/0/0/1
36#0.4#0.8698317/-0.1275473/-0.4765758/0.3220738/0.2891884/0.9144598/0.2830786/0.9308348/0.3997035/-0.3840509/0.8323113/0.9526944/0/0/0/1
37#0.4111111#0.86968/-0.1275643/-0.476848/0.3225754/0.2892916/0.9144573/0.2829812/0.9306782/0.3999588/-0.3840512/0.8321885/0.9525571/0/0/0/1
38#0.4222222#0.8695592/-0.1276412/-0.477048/0.3230553/0.2894243/0.9144443/0.282887/0.9302143/0.4001259/-0.3840562/0.8321059/0.9523671/0/0/0/1
39#0.4333333#0.8694254/-0.1277431/-0.4772642/0.3232253/0.289471/0.9145358/0.2825434/0.9301194/0.4003823/-0.3838046/0.8320986/0.9522359/0/0/0/1
40#0.4444444#0.8693407/-0.1277896/-0.4774062/0.3234261/0.2894572/0.9146246/0.28227/0.9300792/0.4005763/-0.3835774/0.8321099/0.952143/0/0/0/1
41#0.4555556#0.869349/-0.127651/-0.4774281/0.3235374/0.2896524/0.9143507/0.2829562/0.9295989/0.4004171/-0.3842759/0.8318643/0.9524565/0/0/0/1
42#0.4666667#0.8691874/-0.1275861/-0.4777395/0.3242403/0.2896409/0.9144151/0.2827598/0.9292582/0.400776/-0.3841442/0.8317523/0.9523063/0/0/0/1
43#0.4777778#0.8691145/-0.1277145/-0.4778379/0.3247099/0.2897938/0.9143859/0.2826977/0.9287651/0.4008237/-0.3841711/0.8317169/0.95222/0/0/0/1
44#0.4888889#0.8689223/-0.1278508/-0.4781508/0.3251598/0.2899697/0.9144068/0.2824495/0.9285587/0.401113/-0.3840759/0.8316213/0.9521294/0/0/0/1
45#0.5#0.8688526/-0.1278526/-0.4782769/0.3256119/0.2899491/0.914467/0.2822757/0.9281067/0.4012788/-0.3839319/0.8316078/0.9520228/0/0/0/1
46#0.5111111#0.8686396/-0.1279564/-0.478636/0.3258367/0.2901781/0.9144293/0.2821624/0.9280692/0.4015743/-0.3839872/0.8314396/0.9519265/0/0/0/1
47#0.5222222#0.8685929/-0.1280168/-0.4787048/0.326344/0.2902331/0.9144387/0.2820755/0.9276603/0.4016357/-0.3839447/0.8314296/0.9517701/0/0/0/1
48#0.5333334#0.8684134/-0.1279544/-0.4790469/0.3267522/0.2902078/0.9145271/0.2818151/0.9274201/0.4020419/-0.3837551/0.8313209/0.9516411/0/0/0/1
49#0.5444444#0.8682271/-0.1282855/-0.479296/0.3269306/0.290552/0.9144979/0.2815553/0.927282/0.4021957/-0.3837144/0.8312654/0.9517615/0/0/0/1
50#0.5555556#0.8681813/-0.1282868/-0.4793786/0.327049/0.290522/0.9145528/0.2814075/0.9270382/0.4023161/-0.3835827/0.8312677/0.9517968/0/0/0/1
51#0.5666667#0.8680103/-0.1285479/-0.4796182/0.3270738/0.2908311/0.9145069/0.2812372/0.9271373/0.4024617/-0.3836048/0.8311871/0.9517984/0/0/0/1
52#0.5777778#0.8679646/-0.1284682/-0.4797222/0.3274764/0.290751/0.9145622/0.2811407/0.9267172/0.4026181/-0.3834999/0.8311598/0.9517133/0/0/0/1
53#0.5888889#0.8677672/-0.1286698/-0.4800251/0.3273565/0.2909454/0.9146051/0.2807994/0.9268769/0.402903/-0.3833296/0.8311002/0.9517336/0/0/0/1
54#0.6#0.8676579/-0.1287658/-0.480197/0.3277597/0.2911178/0.9145579/0.2807741/0.9264866/0.4030139/-0.3834097/0.8310095/0.9516373/0/0/0/1
55#0.6111111#0.8662028/-0.129941/-0.4825017/0.3274339/0.2922771/0.9149428/0.2783051/0.9268749/0.4052981/-0.3820929/0.8305049/0.9517667/0/0/0/1
56#0.6222222#0.8662028/-0.129941/-0.4825017/0.3274339/0.2922771/0.9149428/0.2783051/0.9268749/0.4052981/-0.3820929/0.8305049/0.9517667/0/0/0/1
57#0.6333333#0.8662028/-0.129941/-0.4825017/0.3274339/0.2922771/0.9149428/0.2783051/0.9268749/0.4052981/-0.3820929/0.8305049/0.9517667/0/0/0/1
58#0.6444445#0.8662028/-0.129941/-0.4825017/0.3274339/0.2922771/0.9149428/0.2783051/0.9268749/0.4052981/-0.3820929/0.8305049/0.9517667/0/0/0/1
59#0.6555555#0.8662028/-0.129941/-0.4825017/0.3274339/0.2922771/0.9149428/0.2783051/0.9268749/0.4052981/-0.3820929/0.8305049/0.9517667/0/0/0/1
60#0.6666667#0.8662028/-0.129941/-0.4825017/0.3274339/0.2922771/0.9149428/0.2783051/0.9268749/0.4052981/-0.3820929/0.8305049/0.9517667/0/0/0/1
61#0.6777778#0.8662028/-0.129941/-0.4825017/0.3274339/0.2922771/0.9149428/0.2783051/0.9268749/0.4052981/-0.3820929/0.8305049/0.9517667/0/0/0/1
62#0.6888889#0.8662028/-0.129941/-0.4825017/0.3274339/0.2922771/0.9149428/0.2783051/0.9268749/0.4052981/-0.3820929/0.8305049/0.9517667/0/0/0/1
63#0.7#0.8662028/-0.129941/-0.4825017/0.3274339/0.2922771/0.9149428/0.2783051/0.9268749/0.4052981/-0.3820929/0.8305049/0.9517667/0/0/0/1
64#0.7111111#0.8662028/-0.129941/-0.4825017/0.3274339/0.2922771/0.9149428/0.2783051/0.9268749/0.4052981/-0.3820929/0.8305049/0.9517667/0/0/0/1
65#0.7222223#0.8662028/-0.129941/-0.4825017/0.3274339/0.2922771/0.9149428/0.2783051/0.9268749/0.4052981/-0.3820929/0.8305049/0.9517667/0/0/0/1
66#0.7333333#0.8662028/-0.129941/-0.4825017/0.3274339/0.2922771/0.9149428/0.2783051/0.9268749/0.4052981/-0.3820929/0.8305049/0.9517667/0/0/0/1
67#0.7444445#0.8662028/-0.129941/-0.4825017/0.3274339/0.2922771/0.9149428/0.2783051/0.9268749/0.4052981/-0.3820929/0.8305049/0.9517667/0/0/0/1
68#0.7555556#0.8662028/-0.129941/-0.4825017/0.3274339/0.2922771/0.9149428/0.2783051/0.9268749/0.4052981/-0.3820929/0.8305049/0.9517667/0/0/0/1
69#0.7666667#0.8662028/-0.129941/-0.4825017/0.3274339/0.2922771/0.9149428/0.2783051/0.9268749/0.4052981/-0.3820929/0.8305049/0.9517667/0/0/0/1
70#0.7777778#0.8662028/-0.129941/-0.4825017/0.3274339/0.2922771/0.9149428/0.2783051/0.9268749/0.4052981/-0.3820929/0.8305049/0.9517667/0/0/0/1
71#0.7888889#0.8662028/-0.129941/-0.4825017/0.3274339/0.2922771/0.9149428/0.2783051/0.9268749/0.4052981/-0.3820929/0.8305049/0.9517667/0/0/0/1
72#0.8#0.8661919/-0.1301992/-0.4824518/0.3273973/0.2924645/0.914921/0.2781798/0.9268105/0.4051865/-0.3820571/0.8305759/0.9517553/0/0/0/1
73#0.8111112#0.8662786/-0.129694/-0.4824321/0.3273175/0.2919097/0.9151054/0.2781561/0.9268372/0.4054011/-0.3817873/0.8305953/0.9516997/0/0/0/1
74#0.8222222#0.8660192/-0.1298382/-0.482859/0.3272488/0.2920652/0.9151827/0.2777382/0.9272435/0.4058432/-0.3815529/0.830487/0.9518921/0/0/0/1
75#0.8333334#0.865833/-0.1308331/-0.4829243/0.3278231/0.2934465/0.914555/0.2783494/0.9265578/0.4052434/-0.3827166/0.8302444/0.9517922/0/0/0/1
76#0.8444445#0.8658974/-0.1307698/-0.482826/0.3277524/0.2933009/0.914621/0.2782859/0.926589/0.4052114/-0.3825803/0.8303228/0.9517679/0/0/0/1
77#0.8555556#0.8657717/-0.1305508/-0.4831105/0.327731/0.2930042/0.914843/0.2778686/0.9266273/0.4056943/-0.3821242/0.8302971/0.9519014/0/0/0/1
78#0.8666667#0.865787/-0.1305567/-0.4830816/0.3276185/0.2929881/0.9148533/0.2778516/0.9266441/0.4056734/-0.3820975/0.8303195/0.9518809/0/0/0/1
79#0.8777778#0.8654978/-0.1313035/-0.4833973/0.3270832/0.2938193/0.9146559/0.2776235/0.9270767/0.4056892/-0.3823139/0.8302124/0.9519744/0/0/0/1
80#0.8888889#0.8654798/-0.1312421/-0.4834463/0.3269446/0.2937743/0.9146727/0.2776154/0.9271157/0.4057603/-0.3822946/0.8301864/0.9519432/0/0/0/1
81#0.9#0.8655094/-0.1312022/-0.483404/0.3266201/0.293615/0.914784/0.2774177/0.9272628/0.4058124/-0.3820423/0.830277/0.9518971/0/0/0/1
82#0.9111111#0.8655162/-0.131115/-0.4834155/0.3264551/0.2935479/0.9147934/0.2774575/0.9273208/0.4058465/-0.3820495/0.8302571/0.951838/0/0/0/1
83#0.9222223#0.8652962/-0.131369/-0.4837402/0.3272617/0.2938761/0.9147488/0.2772568/0.9269253/0.4060779/-0.382069/0.830135/0.9517934/0/0/0/1
84#0.9333333#0.8653034/-0.1314707/-0.4836999/0.3271165/0.2939542/0.9147298/0.2772369/0.9269762/0.4060062/-0.3820796/0.8301651/0.9517679/0/0/0/1
85#0.9444445#0.8651942/-0.1314527/-0.4839/0.3273551/0.2937602/0.9149605/0.2766804/0.9269326/0.406379/-0.3815328/0.8302342/0.9519131/0/0/0/1
86#0.9555556#0.8652534/-0.1313256/-0.4838287/0.3272251/0.2936032/0.9150036/0.2767049/0.9269934/0.4063665/-0.3814735/0.8302675/0.9519057/0/0/0/1
87#0.9666667#0.865261/-0.1313262/-0.4838148/0.3270772/0.2936592/0.9149473/0.2768317/0.9270734/0.4063098/-0.3816084/0.8302333/0.9518731/0/0/0/1
88#0.9777778#0.8652405/-0.1316077/-0.483775/0.3275114/0.2938303/0.9149586/0.2766126/0.9269117/0.4062298/-0.3814842/0.8303296/0.9519839/0/0/0/1
89#0.9888889#0.8653209/-0.1313605/-0.4836984/0.3273866/0.2935643/0.9150239/0.2766792/0.9269722/0.4062508/-0.3814129/0.8303521/0.9519963/0/0/0/1
90#1#0.8651037/-0.1314897/-0.4840517/0.3271589/0.2936629/0.9151217/0.2762511/0.9271846/0.406642/-0.381134/0.8302886/0.9519849/0/0/0/1
91#1.011111#0.865095/-0.1315758/-0.4840438/0.3269941/0.2937795/0.915066/0.2763111/0.9272608/0.4065761/-0.3812375/0.8302733/0.9519672/0/0/0/1
92#1.022222#0.8648478/-0.1320258/-0.4843632/0.3271238/0.2941099/0.9151451/0.2756971/0.927094/0.4068635/-0.3808919/0.8302912/0.9519939/0/0/0/1
93#1.033333#0.8647899/-0.132101/-0.4844459/0.3271303/0.2940081/0.9153138/0.2752452/0.9270759/0.4070598/-0.3804603/0.8303928/0.9520905/0/0/0/1
94#1.044444#0.8648067/-0.131957/-0.4844552/0.3269502/0.2938651/0.9153568/0.2752551/0.9271718/0.4071274/-0.3804069/0.8303841/0.9520869/0/0/0/1
95#1.055556#0.8647445/-0.1319362/-0.4845718/0.3268306/0.2938693/0.915374/0.2751932/0.927277/0.4072565/-0.3803726/0.8303366/0.9520972/0/0/0/1
96#1.066667#0.8646504/-0.1320963/-0.484696/0.3266035/0.2941294/0.9152718/0.2752553/0.9273685/0.4072684/-0.380563/0.8302435/0.9520636/0/0/0/1
97#1.077778#0.8645527/-0.132563/-0.4847429/0.3262619/0.2945875/0.9151604/0.2751356/0.9277344/0.4071447/-0.3806685/0.8302558/0.9521518/0/0/0/1
98#1.088889#0.8646328/-0.13236/-0.4846557/0.3260661/0.2943009/0.9152707/0.2750755/0.9278384/0.4071823/-0.3804739/0.8303266/0.9521794/0/0/0/1
99#1.1#0.864589/-0.1319509/-0.4848453/0.3265425/0.2939425/0.9153964/0.2750406/0.9276564/0.4075338/-0.3803136/0.8302277/0.9521141/0/0/0/1
100#1.111111#0.8646726/-0.1315643/-0.4848011/0.3263419/0.293573/0.9154775/0.2751651/0.9277655/0.4076226/-0.3802522/0.8302121/0.9520864/0/0/0/1
101#1.122222#0.8645455/-0.1328347/-0.4846813/0.3268255/0.2949458/0.9149833/0.2753407/0.9269233/0.4069005/-0.3809993/0.8302238/0.9522574/0/0/0/1
102#1.133333#0.8635255/-0.1329751/-0.4864579/0.327763/0.2935891/0.9168518/0.2705337/0.9252843/0.4100355/-0.3764316/0.8307647/0.9516988/0/0/0/1
103#1.144444#0.8636297/-0.1325141/-0.4863987/0.3275869/0.2930269/0.9170581/0.270444/0.9252495/0.4102182/-0.3760914/0.8308287/0.9517293/0/0/0/1
104#1.155556#0.8640513/-0.1314542/-0.4859374/0.3278171/0.2915196/0.9176338/0.2701194/0.9260802/0.4104042/-0.3750573/0.8312042/0.9521239/0/0/0/1
105#1.166667#0.8639433/-0.1317831/-0.4860405/0.3275909/0.2920408/0.9173952/0.2703674/0.9261309/0.4102614/-0.3755258/0.8310632/0.9521327/0/0/0/1
106#1.177778#0.8638509/-0.1327307/-0.4859468/0.3267713/0.2929242/0.9171598/0.2702098/0.9272143/0.4098256/-0.3757665/0.8311695/0.9524238/0/0/0/1
107#1.188889#0.8640553/-0.1322659/-0.4857101/0.3266352/0.2922645/0.9174016/0.270103/0.9273261/0.4098658/-0.3753397/0.8313423/0.9525361/0/0/0/1
108#1.2#0.8642388/-0.1316726/-0.4855445/0.326988/0.2915722/0.9176118/0.2701374/0.9270676/0.4099717/-0.3750346/0.8314278/0.9524755/0/0/0/1
109#1.211111#0.8641877/-0.1317613/-0.4856116/0.3267682/0.2916818/0.9175869/0.2701034/0.9271355/0.4100018/-0.375064/0.8313997/0.9525266/0/0/0/1
110#1.222222#0.8628411/-0.1329831/-0.4876687/0.3262837/0.2914717/0.9191203/0.26507/0.926729/0.4129764/-0.3708549/0.8318156/0.952507/0/0/0/1
111#1.233333#0.8631554/-0.1327737/-0.4871691/0.3261117/0.2909696/0.9193037/0.2649853/0.9276978/0.4126732/-0.3704749/0.8321353/0.9526677/0/0/0/1
112#1.244444#0.8633142/-0.1318913/-0.4871279/0.3259304/0.2899722/0.919641/0.2649086/0.9278402/0.4130438/-0.3699528/0.8321838/0.9528074/0/0/0/1
113#1.255556#0.8634033/-0.1316038/-0.4870475/0.3257205/0.2896295/0.9197481/0.264912/0.9279622/0.4130975/-0.3697893/0.8322297/0.9529147/0/0/0/1
114#1.266667#0.863199/-0.1323787/-0.4871996/0.3254092/0.2905608/0.9194344/0.2649801/0.9281036/0.4128704/-0.3702917/0.832119/0.9530098/0/0/0/1
115#1.277778#0.8632174/-0.1326154/-0.4871026/0.3266647/0.2910891/0.91908/0.2656298/0.9278145/0.4124596/-0.3710865/0.8319687/0.9528294/0/0/0/1
116#1.288889#0.8633667/-0.1320188/-0.4870001/0.3265311/0.2903739/0.9193245/0.2655669/0.9279677/0.4126512/-0.3706938/0.8320488/0.9530022/0/0/0/1
117#1.3#0.8636089/-0.1318488/-0.4866163/0.3268765/0.2900109/0.9194389/0.2655669/0.9276226/0.4123993/-0.37047/0.8322732/0.9529066/0/0/0/1
118#1.311111#0.8634944/-0.1321087/-0.4867491/0.3266635/0.290367/0.9193169/0.2655999/0.9277374/0.4123887/-0.3706799/0.832185/0.9530096/0/0/0/1
119#1.322222#0.8633744/-0.1330724/-0.4866995/0.3270684/0.2914556/0.9189221/0.2657741/0.9273232/0.4118716/-0.3713138/0.8321587/0.9527373/0/0/0/1
120#1.333333#0.863512/-0.1329738/-0.4864823/0.3275088/0.2915085/0.9187527/0.2663018/0.9271008/0.4115456/-0.3717685/0.832117/0.9524696/0/0/0/1
121#1.344445#0.8637002/-0.1322864/-0.4863357/0.3273823/0.290666/0.9190438/0.2662181/0.9272043/0.4117467/-0.3712939/0.8322293/0.9525814/0/0/0/1
122#1.355556#0.8634773/-0.13248/-0.4866784/0.3272332/0.2909627/0.9189918/0.2660723/0.9272604/0.4120042/-0.3713527/0.8320754/0.9526525/0/0/0/1
123#1.366667#0.8633709/-0.1328868/-0.4867564/0.3270162/0.2914841/0.9187968/0.2661762/0.9273647/0.4118589/-0.3716905/0.8319967/0.9527123/0/0/0/1
124#1.377778#0.8634185/-0.1331069/-0.4866118/0.3272444/0.2918299/0.9185811/0.2665408/0.9273232/0.411514/-0.3721441/0.8319646/0.952491/0/0/0/1
125#1.388889#0.8635544/-0.1327282/-0.4864742/0.327089/0.2913444/0.9187453/0.2665061/0.9274503/0.411573/-0.3718741/0.8320561/0.9525933/0/0/0/1
126#1.4#0.8636381/-0.1325653/-0.4863699/0.3275161/0.2912042/0.9187413/0.2666732/0.9271023/0.4114965/-0.371942/0.8320636/0.9524841/0/0/0/1
127#1.411111#0.8634726/-0.1332049/-0.486489/0.3270635/0.2919038/0.9185413/0.2665977/0.9275277/0.4113481/-0.3722078/0.8320181/0.9526141/0/0/0/1
128#1.422222#0.8634523/-0.1333785/-0.4864774/0.3268736/0.2920735/0.9184928/0.2665783/0.9276402/0.4112702/-0.3722649/0.832031/0.952698/0/0/0/1
129#1.433333#0.8634999/-0.132974/-0.4865036/0.3266877/0.2916963/0.9185888/0.2666606/0.9277546/0.4114379/-0.3721727/0.8319894/0.9527955/0/0/0/1
130#1.444445#0.8636474/-0.1328117/-0.486286/0.3270528/0.2915688/0.9185418/0.2669615/0.9274826/0.4112184/-0.3723465/0.83202/0.9525578/0/0/0/1
131#1.455556#0.8634926/-0.1335492/-0.4863591/0.3272233/0.2923919/0.9182779/0.2669692/0.9271402/0.4109593/-0.3727333/0.831975/0.952388/0/0/0/1
132#1.466667#0.8634092/-0.1338701/-0.4864189/0.3269956/0.2927054/0.9182112/0.2668553/0.9272239/0.4109114/-0.3727827/0.8319765/0.9524598/0/0/0/1
133#1.477778#0.8636546/-0.1335604/-0.4860684/0.3270493/0.2923506/0.9182409/0.267142/0.9271979/0.4106482/-0.3728207/0.8320895/0.9523952/0/0/0/1
134#1.488889#0.8636571/-0.1334485/-0.4860946/0.3268245/0.2922066/0.9183087/0.2670662/0.9272913/0.4107453/-0.3726937/0.8320984/0.952462/0/0/0/1
135#1.5#0.8630229/-0.1334394/-0.4872223/0.3261409/0.2911861/0.9195355/0.2639412/0.9268945/0.412798/-0.3696596/0.8324361/0.9524527/0/0/0/1
136#1.511111#0.8635592/-0.1334284/-0.486274/0.3262208/0.2916283/0.9188696/0.265766/0.9279287/0.4113616/-0.3713159/0.83241/0.9527092/0/0/0/1
137#1.522222#0.8636691/-0.1332158/-0.4861371/0.326022/0.2913241/0.9189738/0.2657395/0.9280624/0.4113465/-0.3711344/0.8324983/0.9528346/0/0/0/1
138#1.533333#0.8636757/-0.13337/-0.486083/0.3261994/0.2914634/0.9189291/0.2657412/0.9279186/0.411234/-0.3711897/0.8325292/0.9527149/0/0/0/1
139#1.544444#0.8636661/-0.1333642/-0.4861017/0.3259764/0.291532/0.9188688/0.2658746/0.9280492/0.4112055/-0.371341/0.8324758/0.9527936/0/0/0/1
140#1.555556#0.8634952/-0.1337449/-0.4863006/0.3258726/0.2919332/0.9187989/0.2656759/0.928005/0.4112796/-0.3713771/0.832423/0.9529526/0/0/0/1
141#1.566667#0.8635046/-0.1337474/-0.4862831/0.3256518/0.291898/0.9188274/0.2656158/0.928103/0.4112849/-0.3713055/0.8324524/0.9530654/0/0/0/1
142#1.577778#0.8635386/-0.1338955/-0.4861822/0.3262239/0.2921114/0.9186988/0.2658259/0.9278163/0.4110622/-0.3715703/0.8324442/0.9527447/0/0/0/1
143#1.588889#0.8636753/-0.133983/-0.4859152/0.3268375/0.2921612/0.918634/0.2659952/0.927377/0.4107393/-0.371699/0.8325461/0.9525044/0/0/0/1
144#1.6#0.8636527/-0.1339081/-0.485976/0.3266326/0.2921351/0.9186278/0.266045/0.9274799/0.4108055/-0.371741/0.8324947/0.9525735/0/0/0/1
145#1.611111#0.8635142/-0.1340953/-0.4861704/0.3266977/0.2922888/0.9186597/0.2657662/0.9275538/0.4109872/-0.371595/0.8324702/0.9527364/0/0/0/1
146#1.622222#0.8634912/-0.1342205/-0.4861768/0.3264949/0.2924566/0.9185878/0.26583/0.9276667/0.4109162/-0.3717275/0.8324462/0.9528306/0/0/0/1
147#1.633333#0.8638318/-0.1343485/-0.4855359/0.3277227/0.2932995/0.9177222/0.2678829/0.9276979/0.4095975/-0.3738131/0.832162/0.9526341/0/0/0/1
148#1.644444#0.8638778/-0.134193/-0.4854971/0.3276097/0.2931387/0.91776/0.2679296/0.9278581/0.4096156/-0.3737763/0.8321697/0.9527247/0/0/0/1
149#1.655556#0.8635948/-0.1344968/-0.4859164/0.3267925/0.2934543/0.9177819/0.2675088/0.9274675/0.4099862/-0.3736135/0.8320603/0.9524832/0/0/0/1
150#1.666667#0.8635776/-0.1344925/-0.485948/0.3265775/0.2934505/0.9177916/0.2674797/0.9275621/0.410025/-0.3735911/0.8320512/0.9525294/0/0/0/1
151#1.677778#0.8629674/-0.1347814/-0.4869509/0.3284073/0.2938918/0.9178537/0.2667816/0.926466/0.4109924/-0.3733348/0.8316889/0.9515462/0/0/0/1
152#1.688889#0.8629564/-0.1347312/-0.4869843/0.3282381/0.293842/0.9178769/0.2667562/0.9265655/0.4110513/-0.3732954/0.8316774/0.9515266/0/0/0/1
153#1.7#0.8630173/-0.1345352/-0.4869307/0.3280717/0.2936054/0.9179541/0.2667513/0.9266542/0.4110926/-0.3731764/0.8317105/0.9515319/0/0/0/1
154#1.711111#0.8629379/-0.1344259/-0.4871017/0.3292996/0.2932545/0.9182518/0.266112/0.9260764/0.4115097/-0.3724828/0.8318151/0.9516237/0/0/0/1
155#1.722222#0.8628947/-0.1345935/-0.4871321/0.3291584/0.2934706/0.9181691/0.2661589/0.9261601/0.4114465/-0.372626/0.8317823/0.9516416/0/0/0/1
156#1.733333#0.8629407/-0.1347514/-0.4870065/0.3297267/0.2934589/0.918243/0.2659167/0.925607/0.4113577/-0.3723867/0.8319333/0.9518516/0/0/0/1
157#1.744444#0.8630061/-0.1346741/-0.4869121/0.3296221/0.2933209/0.9182935/0.2658947/0.9256568/0.4113191/-0.3722902/0.8319956/0.9519296/0/0/0/1
158#1.755556#0.8629523/-0.1348511/-0.4869584/0.3294148/0.2935356/0.9182223/0.2659035/0.9256594/0.4112788/-0.3724017/0.8319655/0.9520817/0/0/0/1
159#1.766667#0.8629172/-0.1349799/-0.4869849/0.3292537/0.2936875/0.9181724/0.2659079/0.9257138/0.4112439/-0.3724779/0.8319486/0.9521582/0/0/0/1
160#1.777778#0.8629497/-0.1350213/-0.486916/0.3295078/0.293734/0.9181368/0.2659795/0.9254208/0.4111426/-0.3725507/0.8319662/0.9519348/0/0/0/1
161#1.788889#0.8629059/-0.1351416/-0.4869603/0.329152/0.293879/0.9180929/0.2659711/0.9256954/0.411131/-0.3726153/0.831943/0.9519982/0/0/0/1
162#1.8#0.862868/-0.135262/-0.4869939/0.328967/0.2940376/0.9180336/0.2660004/0.9257517/0.411097/-0.3727177/0.8319139/0.9520435/0/0/0/1
163#1.811111#0.8627756/-0.135429/-0.4871112/0.3289975/0.2942912/0.9179406/0.2660409/0.9257338/0.4111095/-0.3728861/0.8318323/0.9517648/0/0/0/1
164#1.822222#0.8627756/-0.135429/-0.4871112/0.3289975/0.2942912/0.9179406/0.2660409/0.9257338/0.4111095/-0.3728861/0.8318323/0.9517648/0/0/0/1
165#1.833333#0.8628253/-0.1356672/-0.4869571/0.328401/0.294331/0.91801/0.2657574/0.9262449/0.4109769/-0.3726286/0.8320133/0.951998/0/0/0/1
166#1.844445#0.8627627/-0.1360085/-0.4869724/0.3281853/0.2947721/0.917827/0.2659004/0.9263413/0.4107917/-0.3729548/0.8319585/0.9520288/0/0/0/1
167#1.855556#0.8627986/-0.1361775/-0.4868618/0.3279376/0.2948125/0.9178649/0.2657249/0.9264588/0.4106876/-0.3728/0.8320793/0.9522958/0/0/0/1
168#1.866667#0.8628353/-0.1358887/-0.4868772/0.3277442/0.2945439/0.9179327/0.2657882/0.926561/0.410803/-0.3727382/0.83205/0.9523687/0/0/0/1
169#1.877778#0.8628725/-0.1359922/-0.4867822/0.3282751/0.2947319/0.9178001/0.2660377/0.9264444/0.4105897/-0.3730269/0.8320259/0.9520345/0/0/0/1
170#1.888889#0.8626873/-0.1364511/-0.4869823/0.3276671/0.2952609/0.9176621/0.2659273/0.9268229/0.4105991/-0.3731989/0.8319441/0.9520974/0/0/0/1
171#1.9#0.8627112/-0.1364083/-0.4869519/0.3274454/0.295207/0.9176759/0.2659396/0.9269259/0.4105876/-0.3731807/0.8319579/0.9521468/0/0/0/1
172#1.911111#0.8639232/-0.136824/-0.4846812/0.3234164/0.2952179/0.917287/0.2672658/0.9291474/0.4080234/-0.3739837/0.8328582/0.9535611/0/0/0/1
173#1.922222#0.8639133/-0.1368538/-0.4846905/0.3230578/0.295309/0.9172249/0.2673782/0.9292934/0.4079785/-0.374125/0.832817/0.9536769/0/0/0/1
174#1.933333#0.8640903/-0.1372477/-0.4842635/0.3232673/0.2957893/0.9169114/0.2679217/0.9292718/0.4072551/-0.3747484/0.8328909/0.9531815/0/0/0/1
175#1.944445#0.8641288/-0.1370769/-0.4842431/0.3229347/0.2955889/0.9169819/0.2679023/0.929419/0.4073189/-0.3746389/0.8329087/0.9532461/0/0/0/1
176#1.955556#0.864373/-0.1365573/-0.483954/0.3240036/0.2951455/0.9169775/0.2684053/0.9292325/0.4071223/-0.3748391/0.8329148/0.9527035/0/0/0/1
177#1.966667#0.86581/-0.1382251/-0.4809022/0.3219388/0.2959858/0.9163874/0.2694929/0.9300883/0.4034421/-0.3756698/0.8343301/0.9541695/0/0/0/1
178#1.977778#0.8658113/-0.1380894/-0.4809388/0.3216057/0.295922/0.9163702/0.2696219/0.9302473/0.403486/-0.375762/0.8342673/0.9542923/0/0/0/1
179#1.988889#0.8659759/-0.1378082/-0.480723/0.3215578/0.2958243/0.9162172/0.2702481/0.9305627/0.4032043/-0.3762379/0.8341891/0.9536486/0/0/0/1
180#2#0.8660061/-0.1377771/-0.4806776/0.3212147/0.2957742/0.9162306/0.2702575/0.9307271/0.4031762/-0.3762166/0.8342124/0.9537001/0/0/0/1
181#2.011111#0.8659466/-0.1378101/-0.4807751/0.320818/0.2960909/0.9159846/0.2707442/0.9311755/0.4030713/-0.3768032/0.8339981/0.9533393/0/0/0/1
182#2.022222#0.8659348/-0.1378883/-0.480774/0.3204733/0.2961712/0.9159597/0.2707404/0.9313767/0.4030377/-0.376835/0.834/0.9533377/0/0/0/1
183#2.033333#0.865958/-0.1373329/-0.4808912/0.3200126/0.2957465/0.9160317/0.2709613/0.9322168/0.4032996/-0.376863/0.8338607/0.9531298/0/0/0/1
184#2.044445#0.8659015/-0.1372054/-0.4810293/0.3196335/0.2957006/0.9160326/0.2710083/0.9324639/0.4034547/-0.3769072/0.8337657/0.9530842/0/0/0/1
185#2.055556#0.8667887/-0.1383871/-0.4790891/0.3143709/0.2966101/0.9153764/0.272229/0.9354148/0.4008739/-0.3780676/0.8344849/0.9548368/0/0/0/1
186#2.066667#0.8668616/-0.1384079/-0.478951/0.3145677/0.2967014/0.9152628/0.2725109/0.9353604/0.4006484/-0.3783347/0.8344721/0.9544563/0/0/0/1
187#2.077778#0.8668942/-0.1382827/-0.4789283/0.3140632/0.2965745/0.9152938/0.272545/0.9356571/0.4006718/-0.3783056/0.8344741/0.9544675/0/0/0/1
188#2.088889#0.8671159/-0.1372579/-0.4788217/0.3167453/0.2956655/0.9154488/0.2730113/0.9350637/0.4008638/-0.3783035/0.8343828/0.9541199/0/0/0/1
189#2.1#0.867146/-0.1371716/-0.478792/0.3163695/0.2955503/0.9154922/0.2729908/0.9353594/0.4008837/-0.37823/0.8344067/0.9541073/0/0/0/1
190#2.111111#0.867126/-0.1371894/-0.4788231/0.3159213/0.2955694/0.9154951/0.2729602/0.9356773/0.400913/-0.3782164/0.8343987/0.954159/0/0/0/1
191#2.122222#0.8670883/-0.1372782/-0.478866/0.3155243/0.2957503/0.9153954/0.2730988/0.9359885/0.4008612/-0.3784254/0.8343289/0.9541464/0/0/0/1
192#2.133333#0.8671618/-0.1374307/-0.4786892/0.3172005/0.2958424/0.915356/0.2731318/0.9341867/0.4006342/-0.378466/0.8344195/0.9539227/0/0/0/1
193#2.144444#0.8672434/-0.1372704/-0.4785872/0.3168702/0.2955897/0.915459/0.2730596/0.9343915/0.4006439/-0.3782746/0.8345015/0.9539227/0/0/0/1
194#2.155556#0.867368/-0.1364893/-0.4785847/0.3197347/0.2948808/0.9156151/0.2733028/0.9326955/0.4008965/-0.3781795/0.8344233/0.9534564/0/0/0/1
195#2.166667#0.867355/-0.1366951/-0.4785497/0.3194877/0.2950716/0.9155596/0.2732826/0.9328671/0.4007843/-0.3782395/0.83445/0.9534438/0/0/0/1
196#2.177778#0.8672875/-0.1365502/-0.4787134/0.319489/0.2949741/0.9156052/0.2732351/0.9328699/0.4010022/-0.3781815/0.8343717/0.9533517/0/0/0/1
197#2.188889#0.8672591/-0.1364384/-0.4787969/0.3192421/0.2949609/0.9155691/0.2733698/0.9330596/0.4010736/-0.3783088/0.8342796/0.9533167/0/0/0/1
198#2.2#0.8672261/-0.1364074/-0.4788653/0.3190188/0.294859/0.9156652/0.273158/0.933162/0.4012196/-0.3780874/0.8343098/0.9534221/0/0/0/1
199#2.211111#0.8689928/-0.1374402/-0.4753543/0.3172097/0.2946443/0.9155018/0.2739369/0.9339734/0.3975378/-0.3781097/0.8360602/0.954999/0/0/0/1
200#2.222222#0.868975/-0.1375175/-0.4753644/0.3169212/0.2947164/0.9154874/0.2739071/0.9341235/0.3975231/-0.3781161/0.8360643/0.9550807/0/0/0/1
201#2.233333#0.8687975/-0.1373706/-0.4757313/0.3172626/0.2948093/0.9154117/0.2740601/0.9334064/0.3978423/-0.3783527/0.8358055/0.9546571/0/0/0/1
202#2.244445#0.8687245/-0.1373931/-0.4758581/0.3169515/0.2949334/0.9153466/0.2741438/0.9335344/0.3979097/-0.3785019/0.8357058/0.9546671/0/0/0/1
203#2.255556#0.8698416/-0.1364982/-0.4740715/0.3136501/0.2942718/0.9148412/0.2765316/0.9362625/0.395954/-0.3800446/0.8359345/0.9552/0/0/0/1
204#2.266667#0.8698909/-0.1364362/-0.473999/0.3133166/0.2941827/0.914863/0.2765541/0.9364479/0.3959122/-0.3800142/0.8359681/0.9552224/0/0/0/1
205#2.277778#0.8705027/-0.1353271/-0.4731931/0.3125795/0.2934742/0.9145502/0.2783359/0.9372654/0.3950924/-0.3811621/0.8358334/0.9553018/0/0/0/1
206#2.288889#0.870549/-0.1353558/-0.4730997/0.3122597/0.2934452/0.9145687/0.2783056/0.9374626/0.3950119/-0.3811075/0.8358964/0.9553118/0/0/0/1
207#2.3#0.8703506/-0.1346115/-0.4736767/0.3125904/0.2931864/0.914493/0.2788268/0.9380068/0.3956407/-0.3815526/0.8353958/0.9549439/0/0/0/1
208#2.311111#0.8701704/-0.1339478/-0.4741957/0.3141043/0.2928925/0.914488/0.279152/0.937044/0.3962545/-0.3817981/0.8349926/0.95451/0/0/0/1
209#2.322222#0.8701972/-0.1338458/-0.4741751/0.3138708/0.2927477/0.914552/0.2790937/0.9372803/0.3963023/-0.3816803/0.8350236/0.9544466/0/0/0/1
210#2.333333#0.870012/-0.1331734/-0.474704/0.3156677/0.2923978/0.914598/0.2793098/0.9363151/0.3969668/-0.3818053/0.8346509/0.9537082/0/0/0/1
211#2.344445#0.8699937/-0.133356/-0.4746861/0.3155/0.2925817/0.9145389/0.279311/0.9365269/0.3968711/-0.3818833/0.8346607/0.9535854/0/0/0/1
212#2.355556#0.8698952/-0.1329758/-0.4749734/0.3154869/0.2923191/0.9146234/0.2793085/0.9361725/0.3972806/-0.3818129/0.834498/0.953572/0/0/0/1
213#2.366667#0.8698381/-0.1330666/-0.4750525/0.315298/0.2924253/0.9146071/0.2792513/0.9363419/0.3973274/-0.3818208/0.8344722/0.9534576/0/0/0/1
214#2.377778#0.8699194/-0.1329376/-0.4749398/0.3151277/0.2923044/0.9146016/0.2793961/0.9365633/0.3972385/-0.381879/0.8344879/0.9533191/0/0/0/1
215#2.388889#0.8699226/-0.1328869/-0.474948/0.3149451/0.2922295/0.9146418/0.2793426/0.9367324/0.3972863/-0.3818003/0.834501/0.9531794/0/0/0/1
216#2.4#0.869872/-0.1331793/-0.4749589/0.3160496/0.2923119/0.9147632/0.2788586/0.9351202/0.3973367/-0.3814075/0.8346567/0.9541407/0/0/0/1
217#2.411111#0.8697602/-0.1331765/-0.4751647/0.3161401/0.2923844/0.9147549/0.2788094/0.9351045/0.3975286/-0.381428/0.834556/0.9540319/0/0/0/1
218#2.422222#0.8698122/-0.1330939/-0.4750924/0.3159965/0.2922593/0.9147972/0.2788023/0.9351943/0.3975063/-0.3813559/0.8345996/0.9539833/0/0/0/1
219#2.433333#0.8696097/-0.1329178/-0.4755125/0.316215/0.2922591/0.914808/0.2787667/0.9351765/0.3979497/-0.381391/0.8343722/0.9538963/0/0/0/1
220#2.444444#0.8696266/-0.1328722/-0.4754939/0.316083/0.2922439/0.9147863/0.2788541/0.9352707/0.3979234/-0.3814591/0.8343536/0.9538379/0/0/0/1
221#2.455556#0.8694704/-0.1322936/-0.4759408/0.3186802/0.2917694/0.9149892/0.2786852/0.9336151/0.3986124/-0.3811735/0.8341552/0.9536443/0/0/0/1
222#2.466667#0.8694831/-0.1322586/-0.4759274/0.3186377/0.2917495/0.9149806/0.2787341/0.9336852/0.3985994/-0.3812061/0.8341465/0.9535952/0/0/0/1
223#2.477778#0.8693559/-0.1318119/-0.4762836/0.3203885/0.2915046/0.9150243/0.2788468/0.9326552/0.3990557/-0.381256/0.8339055/0.9531934/0/0/0/1
224#2.488889#0.8692394/-0.1319095/-0.476469/0.3202507/0.2916213/0.915035/0.2786896/0.9324185/0.399224/-0.3811964/0.8338522/0.9529791/0/0/0/1
225#2.5#0.8692468/-0.1318263/-0.4764786/0.3202541/0.2915066/0.9150918/0.2786231/0.9324243/0.3992918/-0.3810888/0.8338689/0.9528813/0/0/0/1
226#2.511111#0.8690677/-0.1318885/-0.476788/0.3207723/0.2917549/0.9149913/0.278694/0.9318354/0.3995003/-0.3813093/0.8336682/0.9530287/0/0/0/1
227#2.522222#0.869027/-0.1319795/-0.476837/0.3207874/0.2918814/0.9149462/0.2787089/0.9318324/0.3994963/-0.3813854/0.8336353/0.9529431/0/0/0/1
228#2.533333#0.8690542/-0.1317573/-0.4768489/0.320979/0.2915989/0.9150708/0.2785957/0.9317833/0.3996434/-0.3811634/0.8336666/0.9528058/0/0/0/1
229#2.544445#0.8690645/-0.1316182/-0.4768685/0.3209901/0.2914604/0.9151158/0.2785926/0.9317749/0.399722/-0.3811032/0.8336562/0.952687/0/0/0/1
230#2.555556#0.8688514/-0.1318632/-0.4771891/0.3207078/0.2916414/0.9152049/0.2781102/0.9319103/0.4000533/-0.3808045/0.8336338/0.9531252/0/0/0/1
231#2.566667#0.8687173/-0.1323124/-0.4773087/0.3207041/0.2921788/0.9150292/0.2781242/0.9319023/0.3999521/-0.3810708/0.8335606/0.953047/0/0/0/1
232#2.577778#0.8686845/-0.1318808/-0.477488/0.3213795/0.2918646/0.9150952/0.278237/0.9311514/0.4002528/-0.381062/0.8334203/0.9531093/0/0/0/1
233#2.588889#0.8685465/-0.130863/-0.4780186/0.3232499/0.2904871/0.9158865/0.2770727/0.9306717/0.4015522/-0.3795087/0.833504/0.9526556/0/0/0/1
234#2.6#0.8684317/-0.131314/-0.4781039/0.3233339/0.2910173/0.9157095/0.2771012/0.930635/0.4014171/-0.3797799/0.8334458/0.9525616/0/0/0/1
235#2.611111#0.8681356/-0.1318019/-0.478507/0.3243086/0.291535/0.9156646/0.2767058/0.9299107/0.4016814/-0.3797197/0.8333459/0.9527111/0/0/0/1
236#2.622222#0.8682117/-0.1315151/-0.4784477/0.3244905/0.2912058/0.915768/0.2767094/0.9298791/0.4017557/-0.3795691/0.8333785/0.9526887/0/0/0/1
237#2.633333#0.8671955/-0.1310245/-0.4804211/0.3279811/0.2910597/0.9161736/0.2755178/0.9272059/0.4040495/-0.3787591/0.8326377/0.9515128/0/0/0/1
238#2.644444#0.8671542/-0.1312967/-0.4804214/0.3282852/0.2907465/0.9166446/0.2742793/0.9269907/0.4043637/-0.3775233/0.8330463/0.9516807/0/0/0/1
239#2.655556#0.8670468/-0.131605/-0.4805312/0.328488/0.2911482/0.916503/0.2743271/0.9268745/0.4043054/-0.3777602/0.8329673/0.9515879/0/0/0/1
240#2.666667#0.8665736/-0.1324749/-0.481145/0.3285118/0.2920787/0.9163812/0.2737432/0.9264953/0.4046482/-0.3777508/0.832805/0.9516325/0/0/0/1
241#2.677778#0.8666791/-0.1321812/-0.4810358/0.32875/0.2916792/0.916531/0.273668/0.9263579/0.4047105/-0.3774904/0.8328928/0.9516068/0/0/0/1
242#2.688889#0.8664101/-0.1320799/-0.4815478/0.3286746/0.2911884/0.9170719/0.2723754/0.9263716/0.4056387/-0.3762099/0.8330206/0.9516242/0/0/0/1
243#2.7#0.8663689/-0.1322685/-0.4815704/0.3288354/0.291473/0.9169363/0.2725277/0.9262648/0.4055225/-0.3764743/0.8329577/0.9515426/0/0/0/1
244#2.711111#0.8678407/-0.1333291/-0.4786187/0.3228881/0.2917068/0.9165404/0.2736073/0.9295524/0.4021936/-0.3770638/0.834304/0.9541037/0/0/0/1
245#2.722222#0.8679025/-0.1330431/-0.4785863/0.322898/0.2914273/0.9166058/0.2736859/0.9294587/0.4022629/-0.3770058/0.8342968/0.954231/0/0/0/1
246#2.733333#0.8679085/-0.1331473/-0.4785464/0.3233848/0.2916712/0.9164333/0.2740034/0.9291371/0.4020731/-0.377388/0.8342155/0.9537184/0/0/0/1
247#2.744445#0.8679423/-0.1322918/-0.4787223/0.3210931/0.2886306/0.9187559/0.2694063/0.9288473/0.4041888/-0.372003/0.8356106/0.9530094/0/0/0/1
248#2.755556#0.8678917/-0.1324768/-0.4787632/0.3209358/0.2888362/0.9186972/0.2693866/0.928632/0.404151/-0.3720825/0.8355935/0.9529457/0/0/0/1
249#2.766667#0.868034/-0.1325974/-0.4784714/0.3211141/0.288335/0.919152/0.26837/0.9305171/0.4042028/-0.3709143/0.8360877/0.9535897/0/0/0/1
250#2.777778#0.8680455/-0.1324146/-0.4785012/0.3210709/0.2881324/0.9192294/0.2683225/0.9304804/0.4043225/-0.3707878/0.8360859/0.9536104/0/0/0/1
251#2.788889#0.8692384/-0.1321115/-0.4764149/0.3190358/0.2876082/0.9189223/0.2699326/0.9322982/0.4021271/-0.3716567/0.8367587/0.9547634/0/0/0/1
252#2.8#0.8692535/-0.1321427/-0.4763786/0.3189729/0.2876316/0.9189102/0.2699482/0.9323246/0.4020775/-0.371675/0.8367743/0.9548709/0/0/0/1
253#2.811111#0.8695825/-0.1317809/-0.4758781/0.3197664/0.2873288/0.9188123/0.2706034/0.9327716/0.4015823/-0.3720455/0.8368475/0.9543018/0/0/0/1
254#2.822222#0.8695658/-0.1318616/-0.475886/0.3197714/0.2873502/0.9188469/0.2704626/0.9328278/0.4016027/-0.371931/0.8368886/0.954361/0/0/0/1
255#2.833333#0.8692157/-0.1317618/-0.4765533/0.3208315/0.2877512/0.9186032/0.2708637/0.9323523/0.4020739/-0.3725677/0.8363792/0.9536288/0/0/0/1
256#2.844445#0.8689938/-0.1317549/-0.4769596/0.3229928/0.2885168/0.9180058/0.2720723/0.9307957/0.4020048/-0.3740401/0.8357548/0.9531946/0/0/0/1
257#2.855556#0.8690701/-0.1316053/-0.4768618/0.3231027/0.2883443/0.9180405/0.2721384/0.9308317/0.4019635/-0.3740078/0.8357893/0.9531772/0/0/0/1
258#2.866667#0.8688778/-0.1316646/-0.4771959/0.3237337/0.2886095/0.9179296/0.2722313/0.9305201/0.4021889/-0.3742589/0.8355684/0.9528344/0/0/0/1
259#2.877778#0.8689026/-0.13175/-0.4771271/0.3238646/0.2886832/0.9178965/0.2722643/0.9305414/0.4020826/-0.3743097/0.8355966/0.9527962/0/0/0/1
260#2.888889#0.8685821/-0.1320139/-0.4776374/0.3241658/0.2890261/0.9178979/0.2718959/0.9299997/0.4025283/-0.3742136/0.8354251/0.9527245/0/0/0/1
261#2.9#0.868644/-0.1318862/-0.47756/0.3242835/0.2888906/0.9179184/0.2719707/0.9300008/0.402492/-0.3742083/0.8354449/0.9526861/0/0/0/1
262#2.911111#0.8684/-0.1322783/-0.4778953/0.3249679/0.2897934/0.9174309/0.2726548/0.9289025/0.4023695/-0.3752644/0.8350303/0.9526691/0/0/0/1
263#2.922222#0.8683788/-0.1324672/-0.4778815/0.3250605/0.290006/0.9173515/0.2726952/0.9288281/0.4022622/-0.3753913/0.8350248/0.9526401/0/0/0/1
264#2.933333#0.8683591/-0.1323437/-0.4779513/0.3256259/0.2898981/0.917392/0.2726735/0.9285924/0.4023821/-0.3753357/0.8349921/0.9525282/0/0/0/1
265#2.944444#0.8680951/-0.1326672/-0.4783412/0.3253825/0.2903214/0.9173222/0.2724583/0.9287751/0.4026467/-0.3753924/0.834839/0.9524853/0/0/0/1
266#2.955556#0.8680979/-0.1325839/-0.4783592/0.3254859/0.2902413/0.9173478/0.2724569/0.9287097/0.4026984/-0.3753588/0.8348292/0.9524474/0/0/0/1
267#2.966667#0.8677275/-0.133003/-0.4789147/0.3258073/0.2908685/0.9171984/0.2722916/0.9283628/0.4030442/-0.3755761/0.8345646/0.9524145/0/0/0/1
268#2.977778#0.8676714/-0.1329475/-0.4790316/0.3258866/0.2908962/0.9171706/0.2723554/0.9282875/0.4031447/-0.3756635/0.8344767/0.9523671/0/0/0/1
269#2.988889#0.8675245/-0.1331414/-0.4792441/0.3261641/0.2910934/0.9171751/0.2721298/0.9280237/0.403319/-0.3755839/0.8344283/0.9522052/0/0/0/1
270#3#0.8675445/-0.1331139/-0.4792151/0.3262637/0.29106/0.9171798/0.2721495/0.9279521/0.4032996/-0.3755822/0.8344384/0.9521663/0/0/0/1
271#3.011111#0.8667788/-0.1338244/-0.4804015/0.3273113/0.2919909/0.9171197/0.2713535/0.9270396/0.404272/-0.3754763/0.8340154/0.952235/0/0/0/1
272#3.022222#0.8667788/-0.1338244/-0.4804015/0.3273113/0.2919909/0.9171197/0.2713535/0.9270396/0.404272/-0.3754763/0.8340154/0.952235/0/0/0/1
273#3.033333#0.8667788/-0.1338244/-0.4804015/0.3273113/0.2919909/0.9171197/0.2713535/0.9270396/0.404272/-0.3754763/0.8340154/0.952235/0/0/0/1
274#3.044445#0.8667788/-0.1338244/-0.4804015/0.3273113/0.2919909/0.9171197/0.2713535/0.9270396/0.404272/-0.3754763/0.8340154/0.952235/0/0/0/1
275#3.055556#0.8667788/-0.1338244/-0.4804015/0.3273113/0.2919909/0.9171197/0.2713535/0.9270396/0.404272/-0.3754763/0.8340154/0.952235/0/0/0/1
276#3.066667#0.8667788/-0.1338244/-0.4804015/0.3273113/0.2919909/0.9171197/0.2713535/0.9270396/0.404272/-0.3754763/0.8340154/0.952235/0/0/0/1
277#3.077778#0.8667788/-0.1338244/-0.4804015/0.3273113/0.2919909/0.9171197/0.2713535/0.9270396/0.404272/-0.3754763/0.8340154/0.952235/0/0/0/1
278#3.088889#0.8667788/-0.1338244/-0.4804015/0.3273113/0.2919909/0.9171197/0.2713535/0.9270396/0.404272/-0.3754763/0.8340154/0.952235/0/0/0/1
279#3.1#0.8667788/-0.1338244/-0.4804015/0.3273113/0.2919909/0.9171197/0.2713535/0.9270396/0.404272/-0.3754763/0.8340154/0.952235/0/0/0/1
280#3.111111#0.8667788/-0.1338244/-0.4804015/0.3273113/0.2919909/0.9171197/0.2713535/0.9270396/0.404272/-0.3754763/0.8340154/0.952235/0/0/0/1
281#3.122222#0.8664761/-0.1337646/-0.4809639/0.3278615/0.2921763/0.9170725/0.2713134/0.9267912/0.4047867/-0.3756129/0.8337042/0.9519742/0/0/0/1
282#3.133333#0.8679967/-0.1343599/-0.4780472/0.3236464/0.2919925/0.9167776/0.2725052/0.9293418/0.4016493/-0.3761198/0.8349921/0.9537263/0/0/0/1
283#3.144444#0.8679088/-0.1344376/-0.478185/0.3235753/0.2921418/0.916729/0.2725088/0.9293016/0.4017307/-0.3762106/0.834912/0.9537764/0/0/0/1
284#3.155556#0.8680189/-0.1345875/-0.4779429/0.3244216/0.2924397/0.9164763/0.2730387/0.9287771/0.4012757/-0.3767721/0.8348777/0.9532909/0/0/0/1
285#3.166667#0.867657/-0.1339972/-0.4787651/0.3248541/0.2925892/0.9161927/0.273829/0.928817/0.4019488/-0.3776712/0.8341472/0.952683/0/0/0/1
286#3.177778#0.8677863/-0.1336999/-0.4786142/0.3248738/0.2921836/0.9163344/0.2737884/0.928798/0.4019653/-0.377433/0.8342472/0.952677/0/0/0/1
287#3.188889#0.8675544/-0.1340186/-0.478945/0.324708/0.2925709/0.9162772/0.2735659/0.9289725/0.4021835/-0.3774587/0.8341303/0.9526722/0/0/0/1
288#3.2#0.8675195/-0.1341905/-0.4789602/0.3246907/0.2927973/0.9161818/0.2736438/0.9289639/0.4020942/-0.3776297/0.834096/0.952625/0/0/0/1
289#3.211111#0.8684538/-0.1342175/-0.4772562/0.3218493/0.2926881/0.9157946/0.2750523/0.9307534/0.4001518/-0.3785574/0.8346093/0.9537477/0/0/0/1
290#3.222222#0.8684818/-0.1340872/-0.4772423/0.3217835/0.2925617/0.915824/0.2750891/0.9307746/0.4001841/-0.3785327/0.8346052/0.9537792/0/0/0/1
291#3.233333#0.8685389/-0.1338283/-0.4772109/0.3222027/0.2923704/0.9158245/0.2752909/0.9304638/0.4001997/-0.3786232/0.8345566/0.9533346/0/0/0/1
292#3.244445#0.8684979/-0.133858/-0.477277/0.3221208/0.2924645/0.9157749/0.2753558/0.9304786/0.4002198/-0.3787325/0.8344973/0.9532943/0/0/0/1
293#3.255556#0.8680549/-0.1337392/-0.4781155/0.3231946/0.2929249/0.9155126/0.2757386/0.9301288/0.4008437/-0.3794082/0.8338907/0.9527304/0/0/0/1
294#3.266667#0.8688803/-0.1341251/-0.4765056/0.3208367/0.2927144/0.9154828/0.2760608/0.931087/0.399206/-0.3793439/0.8347052/0.9541755/0/0/0/1
295#3.277778#0.8689039/-0.1339515/-0.4765114/0.3207368/0.292495/0.9155777/0.2759789/0.9310672/0.3993154/-0.3791764/0.834729/0.9542475/0/0/0/1
296#3.288889#0.8688448/-0.1337239/-0.4766829/0.321429/0.2926615/0.91532/0.2766561/0.9308964/0.3993219/-0.3798779/0.8344069/0.9537201/0/0/0/1
297#3.3#0.8687772/-0.1337515/-0.4767987/0.3213328/0.2927659/0.9152741/0.2766973/0.9309148/0.399393/-0.3799786/0.8343269/0.9537001/0/0/0/1
298#3.311111#0.8686514/-0.1333196/-0.4771484/0.321436/0.2928299/0.9150317/0.2774302/0.9310583/0.3996191/-0.3807136/0.8338834/0.9531529/0/0/0/1
299#3.322222#0.8686754/-0.1333272/-0.4771027/0.3213601/0.2928463/0.9150072/0.277494/0.931084/0.3995549/-0.38077/0.8338887/0.9530649/0/0/0/1
300#3.333333#0.8684889/-0.1332973/-0.4774503/0.3224103/0.2929433/0.9150006/0.2774129/0.9306359/0.399889/-0.3807959/0.8337164/0.9528174/0/0/0/1
301#3.344445#0.8684906/-0.13319/-0.4774772/0.3223876/0.2928747/0.9150027/0.2774787/0.9306546/0.3999356/-0.3808286/0.8336793/0.9527345/0/0/0/1
302#3.355556#0.8684006/-0.1325455/-0.4778201/0.3236376/0.2925693/0.9149686/0.277913/0.9299071/0.4003543/-0.3811353/0.8333381/0.9525034/0/0/0/1
303#3.366667#0.8683746/-0.1327512/-0.4778103/0.3236371/0.2927716/0.91491/0.2778926/0.9299166/0.4002629/-0.3812041/0.8333505/0.9524181/0/0/0/1
304#3.377778#0.8694945/-0.1341455/-0.4753781/0.3197479/0.293223/0.9146677/0.2782147/0.931824/0.3974917/-0.3812979/0.8346332/0.9541636/0/0/0/1
