0#0#-0.996057/0.08790855/-0.01199358/0/0.06489646/0.8140569/0.5771483/1.5/0.06049971/0.5740936/-0.8165522/0/0/0/0/1
1#0.01111111#-0.996057/0.08790855/-0.01199358/0/0.06489646/0.8140569/0.5771483/1.5/0.06049971/0.5740936/-0.8165522/0/0/0/0/1
2#0.02222222#-0.996017/0.0881944/-0.01313866/0/0.06448247/0.814187/0.5770108/1.5/0.06158647/0.5738651/-0.8166308/0/0/0/0/1
3#0.03333334#-0.996017/0.0881944/-0.01313866/0/0.06448247/0.814187/0.5770108/1.5/0.06158647/0.5738651/-0.8166308/0/0/0/0/1
4#0.04444445#-0.996017/0.0881944/-0.01313866/0/0.06448247/0.814187/0.5770108/1.5/0.06158647/0.5738651/-0.8166308/0/0/0/0/1
5#0.05555556#-0.996017/0.0881944/-0.01313866/0/0.06448247/0.814187/0.5770108/1.5/0.06158647/0.5738651/-0.8166308/0/0/0/0/1
6#0.06666667#-0.996017/0.0881944/-0.01313866/0/0.06448247/0.814187/0.5770108/1.5/0.06158647/0.5738651/-0.8166308/0/0/0/0/1
7#0.07777778#-0.996017/0.0881944/-0.01313866/0/0.06448247/0.814187/0.5770108/1.5/0.06158647/0.5738651/-0.8166308/0/0/0/0/1
8#0.08888889#-0.996017/0.0881944/-0.01313866/0/0.06448247/0.814187/0.5770108/1.5/0.06158647/0.5738651/-0.8166308/0/0/0/0/1
9#0.1#-0.996017/0.0881944/-0.01313866/0/0.06448247/0.814187/0.5770108/1.5/0.06158647/0.5738651/-0.8166308/0/0/0/0/1
10#0.1111111#-0.996017/0.0881944/-0.01313866/0/0.06448247/0.814187/0.5770108/1.5/0.06158647/0.5738651/-0.8166308/0/0/0/0/1
11#0.1222222#-0.996017/0.0881944/-0.01313866/0/0.06448247/0.814187/0.5770108/1.5/0.06158647/0.5738651/-0.8166308/0/0/0/0/1
12#0.1333333#-0.996017/0.0881944/-0.01313866/0/0.06448247/0.814187/0.5770108/1.5/0.06158647/0.5738651/-0.8166308/0/0/0/0/1
13#0.1444445#-0.996017/0.0881944/-0.01313866/0/0.06448247/0.814187/0.5770108/1.5/0.06158647/0.5738651/-0.8166308/0/0/0/0/1
14#0.1555556#-0.996017/0.0881944/-0.01313866/0/0.06448247/0.814187/0.5770108/1.5/0.06158647/0.5738651/-0.8166308/0/0/0/0/1
15#0.1666667#-0.996017/0.0881944/-0.01313866/0/0.06448247/0.814187/0.5770108/1.5/0.06158647/0.5738651/-0.8166308/0/0/0/0/1
16#0.1777778#-0.996017/0.0881944/-0.01313866/0/0.06448247/0.814187/0.5770108/1.5/0.06158647/0.5738651/-0.8166308/0/0/0/0/1
17#0.1888889#-0.996017/0.0881944/-0.01313866/0/0.06448247/0.814187/0.5770108/1.5/0.06158647/0.5738651/-0.8166308/0/0/0/0/1
18#0.2#-0.996017/0.0881944/-0.01313866/0/0.06448247/0.814187/0.5770108/1.5/0.06158647/0.5738651/-0.8166308/0/0/0/0/1
19#0.2111111#-0.996017/0.0881944/-0.01313866/0/0.06448247/0.814187/0.5770108/1.5/0.06158647/0.5738651/-0.8166308/0/0/0/0/1
20#0.2222222#-0.996017/0.0881944/-0.01313866/0/0.06448247/0.814187/0.5770108/1.5/0.06158647/0.5738651/-0.8166308/0/0/0/0/1
21#0.2333333#-0.996017/0.0881944/-0.01313866/0/0.06448247/0.814187/0.5770108/1.5/0.06158647/0.5738651/-0.8166308/0/0/0/0/1
22#0.2444444#-0.996017/0.0881944/-0.01313866/0/0.06448247/0.814187/0.5770108/1.5/0.06158647/0.5738651/-0.8166308/0/0/0/0/1
23#0.2555556#-0.996017/0.0881944/-0.01313866/0/0.06448247/0.814187/0.5770108/1.5/0.06158647/0.5738651/-0.8166308/0/0/0/0/1
24#0.2666667#-0.996017/0.0881944/-0.01313866/0/0.06448247/0.814187/0.5770108/1.5/0.06158647/0.5738651/-0.8166308/0/0/0/0/1
25#0.2777778#-0.996017/0.0881944/-0.01313866/0/0.06448247/0.814187/0.5770108/1.5/0.06158647/0.5738651/-0.8166308/0/0/0/0/1
26#0.2888889#-0.996017/0.0881944/-0.01313866/0/0.06448247/0.814187/0.5770108/1.5/0.06158647/0.5738651/-0.8166308/0/0/0/0/1
27#0.3#-0.996017/0.0881944/-0.01313866/0/0.06448247/0.814187/0.5770108/1.5/0.06158647/0.5738651/-0.8166308/0/0/0/0/1
28#0.3111111#-0.996017/0.0881944/-0.01313866/0/0.06448247/0.814187/0.5770108/1.5/0.06158647/0.5738651/-0.8166308/0/0/0/0/1
29#0.3222222#-0.996017/0.0881944/-0.01313866/0/0.06448247/0.814187/0.5770108/1.5/0.06158647/0.5738651/-0.8166308/0/0/0/0/1
30#0.3333333#-0.996017/0.0881944/-0.01313866/0/0.06448247/0.814187/0.5770108/1.5/0.06158647/0.5738651/-0.8166308/0/0/0/0/1
31#0.3444445#-0.996017/0.0881944/-0.01313866/0/0.06448247/0.814187/0.5770108/1.5/0.06158647/0.5738651/-0.8166308/0/0/0/0/1
32#0.3555556#-0.9969289/-0.03654389/-0.0692697/0/-0.02158636/0.9784183/-0.2055036/1.5/0.07528465/-0.2033771/-0.9762024/0/0/0/0/1
33#0.3666667#-0.9969289/-0.03654389/-0.0692697/0/-0.02158636/0.9784183/-0.2055036/1.5/0.07528465/-0.2033771/-0.9762024/0/0/0/0/1
34#0.3777778#-0.9969289/-0.03654389/-0.0692697/0/-0.02158636/0.9784183/-0.2055036/1.5/0.07528465/-0.2033771/-0.9762024/0/0/0/0/1
35#0.3888889#-0.9969289/-0.03654389/-0.0692697/0/-0.02158636/0.9784183/-0.2055036/1.5/0.07528465/-0.2033771/-0.9762024/0/0/0/0/1
36#0.4#-0.999604/-0.02788315/-0.003790229/0/-0.02639581/0.9757936/-0.2170948/1.5/0.009751767/-0.2169088/-0.9761431/0/0/0/0/1
37#0.4111111#-0.9994876/-0.0318072/-0.003716301/0/-0.03031239/0.9771146/-0.2105433/1.5/0.01032805/-0.2103227/-0.9775777/0/0/0/0/1
38#0.4222222#-0.9993761/-0.03516798/-0.003435649/0/-0.03372901/0.9784053/-0.2039251/1.5/0.01053309/-0.2036818/-0.978981/0/0/0/0/1
39#0.4333333#-0.9992491/-0.03860395/-0.003378046/0/-0.03718093/0.9796668/-0.1971562/1.5/0.01092037/-0.1968825/-0.9803665/0/0/0/0/1
40#0.4444444#-0.9991323/-0.0415648/-0.00297973/0/-0.04023397/0.9808149/-0.1907445/1.5/0.01085082/-0.1904589/-0.9816359/0/0/0/0/1
41#0.4555556#-0.9990155/-0.04426891/-0.003022678/0/-0.04295396/0.9819262/-0.1843257/1.5/0.01112794/-0.1840143/-0.9828609/0/0/0/0/1
42#0.4666667#-0.9989405/-0.0459391/-0.002940914/0/-0.04467622/0.9829107/-0.1785795/1.5/0.01109444/-0.1782588/-0.9839216/0/0/0/0/1
43#0.4777778#-0.9988953/-0.04690561/-0.002797294/0/-0.04572114/0.9839557/-0.1724552/1.5/0.01084153/-0.1721368/-0.9850133/0/0/0/0/1
44#0.4888889#-0.9988953/-0.04690561/-0.002797294/0/-0.04572114/0.9839557/-0.1724552/1.5/0.01084153/-0.1721368/-0.9850133/0/0/0/0/1
45#0.5#-0.9988953/-0.04690561/-0.002797294/0/-0.04572114/0.9839557/-0.1724552/1.5/0.01084153/-0.1721368/-0.9850133/0/0/0/0/1
46#0.5111111#-0.9988953/-0.04690561/-0.002797294/0/-0.04572114/0.9839557/-0.1724552/1.5/0.01084153/-0.1721368/-0.9850133/0/0/0/0/1
47#0.5222222#-0.9988953/-0.04690561/-0.002797294/0/-0.04572114/0.9839557/-0.1724552/1.5/0.01084153/-0.1721368/-0.9850133/0/0/0/0/1
48#0.5333334#-0.9988953/-0.04690561/-0.002797294/0/-0.04572114/0.9839557/-0.1724552/1.5/0.01084153/-0.1721368/-0.9850133/0/0/0/0/1
49#0.5444444#-0.9988953/-0.04690561/-0.002797294/0/-0.04572114/0.9839557/-0.1724552/1.5/0.01084153/-0.1721368/-0.9850133/0/0/0/0/1
50#0.5555556#-0.9988953/-0.04690561/-0.002797294/0/-0.04572114/0.9839557/-0.1724552/1.5/0.01084153/-0.1721368/-0.9850133/0/0/0/0/1
51#0.5666667#-0.9988953/-0.04690561/-0.002797294/0/-0.04572114/0.9839557/-0.1724552/1.5/0.01084153/-0.1721368/-0.9850133/0/0/0/0/1
52#0.5777778#-0.9988953/-0.04690561/-0.002797294/0/-0.04572114/0.9839557/-0.1724552/1.5/0.01084153/-0.1721368/-0.9850133/0/0/0/0/1
53#0.5888889#-0.9988953/-0.04690561/-0.002797294/0/-0.04572114/0.9839557/-0.1724552/1.5/0.01084153/-0.1721368/-0.9850133/0/0/0/0/1
54#0.6#-0.9988953/-0.04690561/-0.002797294/0/-0.04572114/0.9839557/-0.1724552/1.5/0.01084153/-0.1721368/-0.9850133/0/0/0/0/1
55#0.6111111#-0.9988953/-0.04690561/-0.002797294/0/-0.04572114/0.9839557/-0.1724552/1.5/0.01084153/-0.1721368/-0.9850133/0/0/0/0/1
56#0.6222222#-0.9988953/-0.04690561/-0.002797294/0/-0.04572114/0.9839557/-0.1724552/1.5/0.01084153/-0.1721368/-0.9850133/0/0/0/0/1
57#0.6333333#-0.9988953/-0.04690561/-0.002797294/0/-0.04572114/0.9839557/-0.1724552/1.5/0.01084153/-0.1721368/-0.9850133/0/0/0/0/1
58#0.6444445#-0.9988953/-0.04690561/-0.002797294/0/-0.04572114/0.9839557/-0.1724552/1.5/0.01084153/-0.1721368/-0.9850133/0/0/0/0/1
59#0.6555555#-0.9988953/-0.04690561/-0.002797294/0/-0.04572114/0.9839557/-0.1724552/1.5/0.01084153/-0.1721368/-0.9850133/0/0/0/0/1
60#0.6666667#-0.9984821/-0.04323554/-0.03412471/0/-0.03861301/0.9912645/-0.1261099/1.5/0.03927905/-0.1246008/-0.9914292/0/0/0/0/1
61#0.6777778#-0.9984258/-0.04273321/-0.03634233/0/-0.03788182/0.9914267/-0.1250524/1.5/0.04137465/-0.1234788/-0.9914846/0/0/0/0/1
62#0.6888889#-0.9983909/-0.04195063/-0.03815496/0/-0.03691954/0.9915758/-0.1241544/1.5/0.04304189/-0.1225459/-0.9915292/0/0/0/0/1
63#0.7#-0.9983439/-0.04124791/-0.04009882/0/-0.0360297/0.9917373/-0.1231219/1.5/0.04484602/-0.1214733/-0.991581/0/0/0/0/1
64#0.7111111#-0.9983053/-0.04068135/-0.04161561/0/-0.0353518/0.9919455/-0.1216323/1.5/0.04622859/-0.119955/-0.9917024/0/0/0/0/1
65#0.7222223#-0.9982315/-0.04081602/-0.04322711/0/-0.03537127/0.9921451/-0.1199875/1.5/0.04778497/-0.1182462/-0.9918344/0/0/0/0/1
66#0.7333333#-0.9981725/-0.04074822/-0.04462713/0/-0.03523861/0.9923933/-0.1179566/1.5/0.04909419/-0.1161684/-0.9920156/0/0/0/0/1
67#0.7444445#-0.9981461/-0.04075292/-0.0452185/0/-0.03528285/0.9926469/-0.1157902/1.5/0.0496048/-0.11398/-0.9922442/0/0/0/0/1
68#0.7555556#-0.9981371/-0.04024584/-0.0458574/0/-0.03483729/0.9929633/-0.1131826/1.5/0.05008984/-0.1113741/-0.9925156/0/0/0/0/1
69#0.7666667#-0.998189/-0.03931001/-0.04553626/0/-0.03405326/0.9932411/-0.1109609/1.5/0.04959037/-0.1092093/-0.992781/0/0/0/0/1
70#0.7777778#-0.9982634/-0.03796958/-0.0450513/0/-0.03290417/0.9935748/-0.10829/1.5/0.04887355/-0.1066195/-0.9930984/0/0/0/0/1
71#0.7888889#-0.9983286/-0.03675639/-0.04461041/0/-0.03185164/0.9938482/-0.1060717/1.5/0.04823478/-0.1044734/-0.993358/0/0/0/0/1
72#0.8#-0.9984157/-0.03559069/-0.04357789/0/-0.03089937/0.9941015/-0.1039594/1.5/0.04702083/-0.1024482/-0.9936263/0/0/0/0/1
73#0.8111112#-0.9984829/-0.03461671/-0.04283161/0/-0.0300812/0.9942939/-0.1023463/1.5/0.0461301/-0.1009025/-0.9938269/0/0/0/0/1
74#0.8222222#-0.9985725/-0.03362032/-0.04151874/0/-0.02929166/0.9944761/-0.100793/1.5/0.04467808/-0.09943287/-0.9940414/0/0/0/0/1
75#0.8333334#-0.9986237/-0.03318844/-0.04060993/0/-0.02903454/0.9946719/-0.09891752/1.5/0.04367648/-0.0976023/-0.9942666/0/0/0/0/1
76#0.8444445#-0.9986833/-0.0329742/-0.03929828/0/-0.02902653/0.9948507/-0.09710586/1.5/0.04229791/-0.09583731/-0.9944979/0/0/0/0/1
77#0.8555556#-0.9987231/-0.03314158/-0.03814173/0/-0.02939069/0.9950417/-0.09501728/1.5/0.04110163/-0.09377485/-0.9947454/0/0/0/0/1
78#0.8666667#-0.9987706/-0.0333037/-0.03672237/0/-0.02977828/0.9952495/-0.09269097/1.5/0.03963488/-0.09148346/-0.9950175/0/0/0/0/1
79#0.8777778#-0.9987948/-0.03394278/-0.0354632/0/-0.03060916/0.9954123/-0.09065179/1.5/0.03837747/-0.08945698/-0.9952514/0/0/0/0/1
80#0.8888889#-0.9988042/-0.03458057/-0.03455826/0/-0.03139609/0.9955556/-0.08878709/1.5/0.03747499/-0.08759592/-0.9954507/0/0/0/0/1
81#0.9#-0.9987921/-0.03561882/-0.03386519/0/-0.03252872/0.995608/-0.08778843/1.5/0.03684337/-0.08658073/-0.9955639/0/0/0/0/1
82#0.9111111#-0.9987837/-0.03653969/-0.03311586/0/-0.03356899/0.9957114/-0.08620792/1.5/0.03612385/-0.08499134/-0.9957272/0/0/0/0/1
83#0.9222223#-0.9987329/-0.03818624/-0.03280381/0/-0.03527849/0.9957512/-0.08505885/1.5/0.03591251/-0.08379368/-0.9958365/0/0/0/0/1
84#0.9333333#-0.9986829/-0.03980901/-0.03238588/0/-0.03697462/0.995792/-0.08385181/1.5/0.03558765/-0.08254383/-0.9959524/0/0/0/0/1
85#0.9444445#-0.9986301/-0.04128454/-0.03214613/0/-0.03851919/0.9958589/-0.08234775/1.5/0.03541271/-0.08099671/-0.996085/0/0/0/0/1
86#0.9555556#-0.998559/-0.04292239/-0.03222851/0/-0.04020789/0.9959342/-0.08061102/1.5/0.03555749/-0.07919893/-0.996225/0/0/0/0/1
87#0.9666667#-0.9985011/-0.04434834/-0.0320973/0/-0.04172099/0.9960523/-0.07835158/1.5/0.03544535/-0.0768949/-0.9964097/0/0/0/0/1
88#0.9777778#-0.9984421/-0.0456053/-0.03216077/0/-0.0430669/0.9962052/-0.0756343/1.5/0.03548805/-0.07413135/-0.9966172/0/0/0/0/1
89#0.9888889#-0.9983737/-0.04688172/-0.03243945/0/-0.04443197/0.9963775/-0.07251031/1.5/0.03572134/-0.07095101/-0.9968404/0/0/0/0/1
90#1#-0.998293/-0.04806841/-0.03318401/0/-0.0456998/0.9965844/-0.06878211/1.5/0.03637691/-0.06714816/-0.9970798/0/0/0/0/1
91#1.011111#-0.9982167/-0.04914374/-0.03390105/0/-0.04687836/0.9968057/-0.06465992/1.5/0.03697038/-0.06295533/-0.9973321/0/0/0/0/1
92#1.022222#-0.9981301/-0.05006124/-0.03507857/0/-0.04786908/0.9970034/-0.06076853/1.5/0.0380156/-0.0589757/-0.9975355/0/0/0/0/1
93#1.033333#-0.9980485/-0.05060428/-0.03659328/0/-0.04848256/0.9972126/-0.056713/1.5/0.0393612/-0.05482816/-0.9977199/0/0/0/0/1
94#1.044444#-0.9979804/-0.05067962/-0.03829508/0/-0.04860948/0.9974011/-0.05318156/1.5/0.04089076/-0.05121265/-0.9978504/0/0/0/0/1
95#1.055556#-0.9979161/-0.05052949/-0.04013148/0/-0.04852054/0.9975924/-0.04954801/1.5/0.0425385/-0.04749754/-0.9979653/0/0/0/0/1
96#1.066667#-0.997858/-0.05017319/-0.04198877/0/-0.04824223/0.9977849/-0.04580293/1.5/0.04419384/-0.04367914/-0.9980683/0/0/0/0/1
97#1.077778#-0.9977901/-0.04946551/-0.04437853/0/-0.04759767/0.9979746/-0.04220272/1.5/0.04637623/-0.0399971/-0.9981235/0/0/0/0/1
98#1.088889#-0.9977281/-0.04885917/-0.04639388/0/-0.04706088/0.9981266/-0.03909409/1.5/0.04821708/-0.0368219/-0.9981585/0/0/0/0/1
99#1.1#-0.9976212/-0.04862946/-0.04886221/0/-0.04692997/0.9982726/-0.03534712/1.5/0.05049672/-0.03296993/-0.99818/0/0/0/0/1
100#1.111111#-0.9974934/-0.04859132/-0.05144086/0/-0.04698302/0.9983822/-0.03202656/1.5/0.05291386/-0.02952943/-0.9981624/0/0/0/0/1
101#1.122222#-0.9973303/-0.04901107/-0.05414372/0/-0.04748057/0.9984452/-0.02920207/1.5/0.05549077/-0.02655331/-0.9981066/0/0/0/0/1
102#1.133333#-0.9972039/-0.04864619/-0.05673208/0/-0.0472235/0.998542/-0.02615475/1.5/0.05792169/-0.02340253/-0.998047/0/0/0/0/1
103#1.144444#-0.9970655/-0.04849079/-0.05924261/0/-0.04714597/0.9986024/-0.02389175/1.5/0.06031832/-0.02102857/-0.9979582/0/0/0/0/1
104#1.155556#-0.9969186/-0.04798761/-0.06205071/0/-0.04674244/0.9986784/-0.02136608/1.5/0.06299401/-0.01839984/-0.9978441/0/0/0/0/1
105#1.166667#-0.9968184/-0.0471428/-0.06426935/0/-0.04601762/0.9987622/-0.01887733/1.5/0.06507972/-0.01585974/-0.9977543/0/0/0/0/1
106#1.177778#-0.996698/-0.04694999/-0.06625562/0/-0.04601278/0.9988189/-0.01560226/1.5/0.06690992/-0.01250212/-0.9976809/0/0/0/0/1
107#1.188889#-0.996578/-0.0465851/-0.06828585/0/-0.04586145/0.9988741/-0.01212799/1.5/0.06877396/-0.008954789/-0.9975924/0/0/0/0/1
108#1.2#-0.9964644/-0.0464632/-0.07000487/0/-0.04596642/0.9989052/-0.008691673/1.5/0.07033208/-0.005443066/-0.997509/0/0/0/0/1
109#1.211111#-0.9963542/-0.04644392/-0.07156796/0/-0.04620358/0.9989196/-0.005011075/1.5/0.07172336/-0.001686109/-0.9974235/0/0/0/0/1
110#1.222222#-0.9962027/-0.04709389/-0.07322998/0/-0.04709292/0.9988889/-0.001740985/1.5/0.0732306/0.001714239/-0.9973137/0/0/0/0/1
111#1.233333#-0.9960984/-0.04877215/-0.07355026/0/-0.04902168/0.9987965/0.001590143/1.5/0.07338418/0.005189495/-0.9972906/0/0/0/0/1
112#1.244444#-0.9960102/-0.05007645/-0.07387521/0/-0.05062215/0.9987026/0.005531535/1.5/0.07350238/0.009249178/-0.9972527/0/0/0/0/1
113#1.255556#-0.995893/-0.05152393/-0.07444756/0/-0.05235061/0.9985864/0.009194591/1.5/0.07386857/0.0130542/-0.9971827/0/0/0/0/1
114#1.266667#-0.9957885/-0.05359993/-0.07438748/0/-0.05467262/0.9984266/0.01245802/1.5/0.07360271/0.0164725/-0.997152/0/0/0/0/1
115#1.277778#-0.9956883/-0.05543608/-0.07437492/0/-0.0567433/0.9982672/0.01557802/1.5/0.07338246/0.01973113/-0.9971087/0/0/0/0/1
116#1.288889#-0.9956317/-0.05736956/-0.07367045/0/-0.05886201/0.9980993/0.01824763/1.5/0.07248355/0.02250428/-0.9971166/0/0/0/0/1
117#1.3#-0.9956104/-0.05882955/-0.07279728/0/-0.06048421/0.9979538/0.02073594/1.5/0.07142843/0.02504799/-0.9971313/0/0/0/0/1
118#1.311111#-0.9955833/-0.06044609/-0.07183949/0/-0.06219771/0.9978125/0.02239848/1.5/0.07032844/0.02676779/-0.9971648/0/0/0/0/1
119#1.322222#-0.9955748/-0.06177279/-0.070823/0/-0.06358213/0.9976979/0.02358177/1.5/0.06920326/0.02798047/-0.9972106/0/0/0/0/1
120#1.333333#-0.9955486/-0.06311209/-0.07000195/0/-0.06496159/0.9975879/0.02446411/1.5/0.06828912/0.02890264/-0.9972469/0/0/0/0/1
121#1.344445#-0.9954911/-0.06450183/-0.06955322/0/-0.06636474/0.9974868/0.02481155/1.5/0.06777803/0.02931554/-0.99727/0/0/0/0/1
122#1.355556#-0.9954035/-0.06619349/-0.06921896/0/-0.06808238/0.997359/0.0252924/1.5/0.06736197/0.02988872/-0.9972812/0/0/0/0/1
123#1.366667#-0.9952744/-0.06763913/-0.0696684/0/-0.0695806/0.997242/0.02582552/1.5/0.06772942/0.03055105/-0.997236/0/0/0/0/1
124#1.377778#-0.9952188/-0.06848065/-0.06964187/0/-0.070491/0.9971515/0.02682843/1.5/0.06760627/0.03160927/-0.9972112/0/0/0/0/1
125#1.388889#-0.9951638/-0.06903771/-0.06987973/0/-0.07112669/0.9970781/0.0278576/1.5/0.06775233/0.03269317/-0.9971665/0/0/0/0/1
126#1.4#-0.995119/-0.06936139/-0.07019701/0/-0.071526/0.9970227/0.02880432/1.5/0.06799012/0.03368463/-0.9971171/0/0/0/0/1
127#1.411111#-0.9950161/-0.06991752/-0.07110479/0/-0.07216997/0.9969526/0.02961466/1.5/0.06881753/0.03459865/-0.9970297/0/0/0/0/1
128#1.422222#-0.9949081/-0.07040749/-0.07211568/0/-0.07270764/0.9969085/0.02977966/1.5/0.06979603/0.03487138/-0.9969516/0/0/0/0/1
129#1.433333#-0.9947932/-0.07085042/-0.07326084/0/-0.07317338/0.9968822/0.02952242/1.5/0.07094073/0.03472942/-0.9968761/0/0/0/0/1
130#1.444445#-0.994682/-0.07074992/-0.07485528/0/-0.07308226/0.9969075/0.02888795/1.5/0.07257995/0.03420488/-0.9967765/0/0/0/0/1
131#1.455556#-0.9946015/-0.07024477/-0.0763868/0/-0.07255278/0.9969753/0.02786783/1.5/0.07419818/0.03325943/-0.9966894/0/0/0/0/1
132#1.466667#-0.9945818/-0.06905175/-0.07771456/0/-0.07135083/0.9970802/0.0272027/1.5/0.07560927/0.03260029/-0.9966047/0/0/0/0/1
133#1.477778#-0.9946202/-0.06713543/-0.07889152/0/-0.06942677/0.9972306/0.02666636/1.5/0.07688276/0.03200007/-0.9965268/0/0/0/0/1
134#1.488889#-0.9946856/-0.06489325/-0.07993789/0/-0.06719896/0.9973876/0.02649644/1.5/0.07800962/0.03172735/-0.9964482/0/0/0/0/1
135#1.5#-0.994774/-0.06233511/-0.08087339/0/-0.06466128/0.9975562/0.02646737/1.5/0.07902592/0.03155839/-0.9963734/0/0/0/0/1
136#1.511111#-0.9948213/-0.06019882/-0.08190268/0/-0.06253754/0.9976962/0.02629301/1.5/0.0801312/0.0312788/-0.996294/0/0/0/0/1
137#1.522222#-0.994864/-0.0584652/-0.0826285/0/-0.06079055/0.9978142/0.02591018/1.5/0.08093305/0.03080014/-0.9962434/0/0/0/0/1
138#1.533333#-0.9948637/-0.05686518/-0.08374669/0/-0.05916272/0.9979299/0.02521093/1.5/0.08213971/0.0300361/-0.9961685/0/0/0/0/1
139#1.544444#-0.9949197/-0.05504753/-0.08428939/0/-0.05728982/0.998059/0.02441702/1.5/0.08278169/0.02912189/-0.9961423/0/0/0/0/1
140#1.555556#-0.9950083/-0.05302868/-0.08453808/0/-0.0551886/0.9982012/0.02341909/1.5/0.08314412/0.02796772/-0.9961454/0/0/0/0/1
141#1.566667#-0.9951307/-0.0509313/-0.08438989/0/-0.0530168/0.9983366/0.02265715/1.5/0.08309558/0.0270209/-0.9961752/0/0/0/0/1
142#1.577778#-0.9953277/-0.04846197/-0.08351839/0/-0.05046561/0.9984824/0.02204727/1.5/0.08232319/0.02615904/-0.996263/0/0/0/0/1
143#1.588889#-0.9955993/-0.04534099/-0.08201838/0/-0.04724516/0.9986535/0.02142547/1.5/0.08093648/0.02520613/-0.9964012/0/0/0/0/1
144#1.6#-0.9959005/-0.04184289/-0.08019817/0/-0.04364048/0.998831/0.02079353/1.5/0.07923435/0.02420818/-0.9965622/0/0/0/0/1
145#1.611111#-0.9962946/-0.03786775/-0.0772237/0/-0.0395202/0.999019/0.01998283/1.5/0.07639123/0.02296068/-0.9968135/0/0/0/0/1
146#1.622222#-0.9966772/-0.0340836/-0.07397985/0/-0.03556233/0.9991913/0.01876356/1.5/0.0732805/0.02133211/-0.9970832/0/0/0/0/1
147#1.633333#-0.9970825/-0.03053174/-0.06996723/0/-0.03183129/0.9993395/0.01753423/1.5/0.06938567/0.0197102/-0.9973955/0/0/0/0/1
148#1.644444#-0.9974564/-0.0276847/-0.06569058/0/-0.02883659/0.9994454/0.01665189/1.5/0.06519317/0.01850382/-0.9977013/0/0/0/0/1
149#1.655556#-0.9977956/-0.02616165/-0.0609941/0/-0.02721627/0.999493/0.01652402/1.5/0.06053088/0.01814762/-0.9980017/0/0/0/0/1
150#1.666667#-0.998109/-0.02547607/-0.05594419/0/-0.02652009/0.9994861/0.01799927/1.5/0.0554569/0.01944887/-0.9982718/0/0/0/0/1
151#1.677778#-0.9983757/-0.02498597/-0.05121365/0/-0.02602518/0.9994667/0.01972591/1.5/0.05069346/0.02102669/-0.9984934/0/0/0/0/1
152#1.688889#-0.9986427/-0.02443898/-0.04601023/0/-0.02550735/0.9994151/0.0227778/1.5/0.04542667/0.02392045/-0.9986818/0/0/0/0/1
153#1.7#-0.9988779/-0.02378085/-0.04095277/0/-0.02485953/0.9993518/0.02603475/1.5/0.0403071/0.0270236/-0.9988219/0/0/0/0/1
154#1.711111#-0.9990773/-0.02319887/-0.03616267/0/-0.02425336/0.9992852/0.02899859/1.5/0.03546409/0.02984886/-0.9989258/0/0/0/0/1
155#1.722222#-0.9992313/-0.02295166/-0.03178054/0/-0.02395382/0.999216/0.03152042/1.5/0.03103219/0.03225745/-0.9989976/0/0/0/0/1
156#1.733333#-0.9993379/-0.02336193/-0.02791061/0/-0.02428305/0.9991559/0.03313226/1.5/0.02711302/0.03378805/-0.9990617/0/0/0/0/1
157#1.744444#-0.9993911/-0.02439078/-0.0249586/0/-0.02523255/0.9991037/0.03398684/1.5/0.02410726/0.03459591/-0.9991109/0/0/0/0/1
158#1.755556#-0.9994202/-0.02558018/-0.0224727/0/-0.02633839/0.9990706/0.03411728/1.5/0.02157909/0.03468939/-0.9991652/0/0/0/0/1
159#1.766667#-0.9993914/-0.02786975/-0.02100245/0/-0.02856298/0.9990318/0.03346367/1.5/0.02004949/0.03404317/-0.9992198/0/0/0/0/1
160#1.777778#-0.9993261/-0.0307264/-0.02009817/0/-0.03135776/0.9989993/0.03189143/1.5/0.01909815/0.03250015/-0.9992896/0/0/0/0/1
161#1.788889#-0.9992691/-0.03312078/-0.01910445/0/-0.03369245/0.9989692/0.03042022/1.5/0.01807721/0.03104164/-0.9993553/0/0/0/0/1
162#1.8#-0.9992094/-0.0350456/-0.01878312/0/-0.03556673/0.9989703/0.02816792/1.5/0.01777662/0.02881369/-0.9994268/0/0/0/0/1
163#1.811111#-0.9991609/-0.03663016/-0.01832493/0/-0.0370991/0.9989749/0.02594021/1.5/0.01735595/0.02659829/-0.9994954/0/0/0/0/1
164#1.822222#-0.999125/-0.0375924/-0.01835887/0/-0.03801963/0.9990005/0.02350333/1.5/0.01745697/0.02418075/-0.9995553/0/0/0/0/1
165#1.833333#-0.9990981/-0.03825416/-0.01844858/0/-0.03863831/0.999034/0.0209366/1.5/0.01762985/0.02163053/-0.9996109/0/0/0/0/1
166#1.844445#-0.9990766/-0.03862916/-0.01881859/0/-0.03897591/0.9990703/0.01842112/1.5/0.0180895/0.01913758/-0.9996536/0/0/0/0/1
167#1.855556#-0.9990744/-0.03837367/-0.01943378/0/-0.03868159/0.999128/0.01572531/1.5/0.01881339/0.01646249/-0.9996874/0/0/0/0/1
168#1.866667#-0.9990705/-0.03826063/-0.01988189/0/-0.0385341/0.9991653/0.01355784/1.5/0.01934657/0.01431136/-0.9997108/0/0/0/0/1
169#1.877778#-0.9990728/-0.03772245/-0.02074271/0/-0.03797265/0.999209/0.01180374/1.5/0.02028104/0.01258045/-0.999715/0/0/0/0/1
170#1.888889#-0.9990674/-0.03744285/-0.02151782/0/-0.03767929/0.9992327/0.01068942/1.5/0.02110107/0.01149022/-0.9997115/0/0/0/0/1
171#1.9#-0.9990772/-0.03675025/-0.02222246/0/-0.03698024/0.9992657/0.01002868/1.5/0.02183759/0.01084122/-0.9997025/0/0/0/0/1
172#1.911111#-0.9990792/-0.03626923/-0.02293326/0/-0.03649066/0.9992905/0.009311249/1.5/0.02257928/0.01013952/-0.999694/0/0/0/0/1
173#1.922222#-0.9990851/-0.03580162/-0.02342382/0/-0.03602012/0.9993108/0.008972501/1.5/0.02308645/0.009808008/-0.9996862/0/0/0/0/1
174#1.933333#-0.9990888/-0.03536591/-0.02390801/0/-0.03557686/0.9993313/0.008455814/1.5/0.02359297/0.009298677/-0.9996787/0/0/0/0/1
175#1.944445#-0.9990915/-0.0349751/-0.02436522/0/-0.0351821/0.9993479/0.008119/1.5/0.02406536/0.008968836/-0.9996709/0/0/0/0/1
176#1.955556#-0.9990715/-0.03524901/-0.02478764/0/-0.0354519/0.999341/0.007793282/1.5/0.02449659/0.008664808/-0.9996629/0/0/0/0/1
177#1.966667#-0.9990412/-0.03570894/-0.02534374/0/-0.03592339/0.9993221/0.008056846/1.5/0.02503886/0.008959549/-0.9996467/0/0/0/0/1
178#1.977778#-0.9989901/-0.03657401/-0.02612055/0/-0.03679944/0.999289/0.008201954/1.5/0.025802/0.009154884/-0.9996257/0/0/0/0/1
179#1.988889#-0.9989282/-0.03768465/-0.02688336/0/-0.03792889/0.9992431/0.008633729/1.5/0.02653766/0.009644131/-0.9996012/0/0/0/0/1
180#2#-0.9988434/-0.03913075/-0.02793802/0/-0.03940646/0.9991792/0.009387244/1.5/0.02754776/0.01047733/-0.9995656/0/0/0/0/1
181#2.011111#-0.9987453/-0.0408031/-0.02903952/0/-0.04110952/0.9991042/0.01003357/1.5/0.02860411/0.01121478/-0.9995281/0/0/0/0/1
182#2.022222#-0.9986475/-0.04234878/-0.03016979/0/-0.04268551/0.9990323/0.01060571/1.5/0.02969146/0.01187918/-0.9994884/0/0/0/0/1
183#2.033333#-0.9985539/-0.04359534/-0.03145815/0/-0.0439689/0.9989692/0.01128227/1.5/0.03093387/0.01264913/-0.9994414/0/0/0/0/1
184#2.044445#-0.9984797/-0.04448925/-0.03255781/0/-0.04489895/0.9989199/0.01196176/1.5/0.03199047/0.01340538/-0.9993989/0/0/0/0/1
185#2.055556#-0.9984189/-0.04505362/-0.03362342/0/-0.045491/0.9988883/0.01235786/1.5/0.03302928/0.01386787/-0.9993585/0/0/0/0/1
186#2.066667#-0.9983523/-0.0457332/-0.03466263/0/-0.04620545/0.998848/0.01294734/1.5/0.03403058/0.01452761/-0.9993154/0/0/0/0/1
187#2.077778#-0.998284/-0.0465243/-0.035556/0/-0.04700458/0.9988127/0.01279325/1.5/0.03491859/0.01444259/-0.9992855/0/0/0/0/1
188#2.088889#-0.9981975/-0.04737202/-0.03684385/0/-0.04785942/0.9987764/0.01246057/1.5/0.03620848/0.01420143/-0.9992435/0/0/0/0/1
189#2.1#-0.9981161/-0.04822396/-0.03794293/0/-0.04868906/0.9987486/0.01142974/1.5/0.03734427/0.0132556/-0.9992149/0/0/0/0/1
190#2.111111#-0.9980415/-0.04872789/-0.03923684/0/-0.049147/0.9987435/0.009787855/1.5/0.03871059/0.01169705/-0.9991823/0/0/0/0/1
191#2.122222#-0.9979805/-0.04911266/-0.04029075/0/-0.04947161/0.9987438/0.007960024/1.5/0.0398492/0.009937193/-0.9991565/0/0/0/0/1
192#2.133333#-0.9979368/-0.04896329/-0.04154273/0/-0.04924117/0.9987707/0.005691186/1.5/0.04121301/0.00772505/-0.9991211/0/0/0/0/1
193#2.144444#-0.9978812/-0.04898179/-0.04282491/0/-0.04915049/0.9987871/0.002894639/1.5/0.04263119/0.00499337/-0.9990784/0/0/0/0/1
194#2.155556#-0.9978445/-0.04872213/-0.04397378/0/-0.0487524/0.9988108/-0.0003849018/1.5/0.04394023/0.001759754/-0.9990333/0/0/0/0/1
195#2.166667#-0.9978008/-0.04862439/-0.04505415/0/-0.04851045/0.9988161/-0.003619957/1.5/0.04517683/-0.001426399/-0.9989781/0/0/0/0/1
196#2.177778#-0.9977857/-0.04784041/-0.04621461/0/-0.04756137/0.998843/-0.007119696/1.5/0.04650176/-0.004905897/-0.9989064/0/0/0/0/1
197#2.188889#-0.9977976/-0.04672907/-0.04708615/0/-0.04627965/0.9988724/-0.01059082/1.5/0.04752795/-0.00838836/-0.9988352/0/0/0/0/1
198#2.2#-0.997846/-0.04526003/-0.04750002/0/-0.04463626/0.9989036/-0.01411251/1.5/0.04808668/-0.01196188/-0.9987719/0/0/0/0/1
199#2.211111#-0.9979067/-0.04352902/-0.04783137/0/-0.04276194/0.9989415/-0.01694569/1.5/0.04851836/-0.01486485/-0.9987122/0/0/0/0/1
200#2.222222#-0.9979835/-0.04162114/-0.0479276/0/-0.04073308/0.9989825/-0.0193598/1.5/0.04868461/-0.01736851/-0.9986632/0/0/0/0/1
201#2.233333#-0.9980371/-0.04021097/-0.04801792/0/-0.03924251/0.9990102/-0.02094476/1.5/0.04881259/-0.01901929/-0.9986272/0/0/0/0/1
202#2.244445#-0.9980633/-0.03932773/-0.04820438/0/-0.03829485/0.9990206/-0.02216694/1.5/0.04902894/-0.02027802/-0.998592/0/0/0/0/1
203#2.255556#-0.9980596/-0.03907713/-0.04848788/0/-0.03802195/0.9990236/-0.02249713/1.5/0.04931966/-0.02060985/-0.9985709/0/0/0/0/1
204#2.266667#-0.998039/-0.03924574/-0.0487748/0/-0.03819487/0.9990216/-0.02229448/1.5/0.04960204/-0.0203878/-0.9985615/0/0/0/0/1
205#2.277778#-0.998031/-0.03918311/-0.0489881/0/-0.03814989/0.9990332/-0.02185199/1.5/0.04979695/-0.01994006/-0.998561/0/0/0/0/1
206#2.288889#-0.998028/-0.03907827/-0.04912573/0/-0.0380536/0.9990417/-0.02162356/1.5/0.04992367/-0.0197115/-0.9985586/0/0/0/0/1
207#2.3#-0.9980377/-0.03878384/-0.04916223/0/-0.03776266/0.9990548/-0.02153339/1.5/0.0499509/-0.01963463/-0.998559/0/0/0/0/1
208#2.311111#-0.9980394/-0.03863696/-0.04925091/0/-0.03761748/0.9990617/-0.02146198/1.5/0.05003392/-0.01956719/-0.9985564/0/0/0/0/1
209#2.322222#-0.9980357/-0.03857964/-0.04935706/0/-0.03756283/0.9990658/-0.02136567/1.5/0.05013522/-0.01946971/-0.9985528/0/0/0/0/1
210#2.333333#-0.9980164/-0.03889018/-0.04951007/0/-0.03786026/0.9990501/-0.02157324/1.5/0.05030201/-0.01965597/-0.9985411/0/0/0/0/1
211#2.344445#-0.9979851/-0.03927577/-0.04983049/0/-0.03823203/0.9990326/-0.02172921/1.5/0.05063572/-0.0197803/-0.9985211/0/0/0/0/1
212#2.355556#-0.9979348/-0.03987374/-0.05036774/0/-0.03880124/0.9990026/-0.02209509/1.5/0.05119852/-0.02009512/-0.9984866/0/0/0/0/1
213#2.366667#-0.9978937/-0.04049961/-0.05067932/0/-0.03941637/0.9989763/-0.02219481/1.5/0.05152631/-0.02015046/-0.9984689/0/0/0/0/1
214#2.377778#-0.9978465/-0.04128347/-0.05098156/0/-0.0401868/0.9989421/-0.02235273/1.5/0.05185043/-0.0202558/-0.9984498/0/0/0/0/1
215#2.388889#-0.9977808/-0.04216153/-0.05154243/0/-0.04106027/0.998909/-0.02224207/1.5/0.05242397/-0.02007635/-0.9984235/0/0/0/0/1
216#2.4#-0.9976979/-0.04343741/-0.05207705/0/-0.04231609/0.9988521/-0.02244508/1.5/0.05299222/-0.02018971/-0.9983912/0/0/0/0/1
217#2.411111#-0.99761/-0.04473386/-0.05267152/0/-0.04360182/0.9987966/-0.02244984/1.5/0.05361241/-0.02009959/-0.99836/0/0/0/0/1
218#2.422222#-0.9974942/-0.04651153/-0.05331378/0/-0.04535632/0.9987134/-0.02267788/1.5/0.05429997/-0.02020293/-0.9983205/0/0/0/0/1
219#2.433333#-0.9973714/-0.04824123/-0.05407166/0/-0.04704375/0.9986233/-0.02320533/1.5/0.05511668/-0.02060059/-0.9982678/0/0/0/0/1
220#2.444444#-0.9972519/-0.04994002/-0.05472726/0/-0.04869998/0.9985307/-0.02376349/1.5/0.05583359/-0.02103296/-0.9982189/0/0/0/0/1
221#2.455556#-0.9971542/-0.05107383/-0.0554554/0/-0.04978163/0.9984611/-0.02443936/1.5/0.05661826/-0.02160914/-0.9981624/0/0/0/0/1
222#2.466667#-0.9970516/-0.05211956/-0.05633032/0/-0.05081732/0.9984121/-0.02430966/1.5/0.05750787/-0.0213754/-0.9981171/0/0/0/0/1
223#2.477778#-0.9969323/-0.05325401/-0.0573684/0/-0.05194652/0.9983602/-0.02404764/1.5/0.05855496/-0.02099376/-0.9980639/0/0/0/0/1
224#2.488889#-0.9967871/-0.05469311/-0.05851701/0/-0.05341186/0.9983021/-0.02324102/1.5/0.05968877/-0.02004084/-0.998016/0/0/0/0/1
225#2.5#-0.9966359/-0.05610021/-0.05975517/0/-0.05486837/0.9982498/-0.02206154/1.5/0.06088825/-0.01870864/-0.9979697/0/0/0/0/1
226#2.511111#-0.996466/-0.05750968/-0.06122985/0/-0.05633796/0.9981974/-0.02069548/1.5/0.06230966/-0.01717277/-0.9979097/0/0/0/0/1
227#2.522222#-0.9962579/-0.05931866/-0.06286404/0/-0.05820281/0.9981155/-0.01943696/1.5/0.06389857/-0.01570536/-0.9978327/0/0/0/0/1
228#2.533333#-0.9960511/-0.06102007/-0.06449401/0/-0.05996044/0.9980341/-0.01824174/1.5/0.06548033/-0.0143026/-0.9977517/0/0/0/0/1
229#2.544445#-0.9958086/-0.06281465/-0.06648776/0/-0.06177395/0.9979352/-0.01759659/1.5/0.0674558/-0.01341562/-0.9976323/0/0/0/0/1
230#2.555556#-0.9956052/-0.06408864/-0.06829292/0/-0.06306142/0.9978632/-0.01709508/1.5/0.0692426/-0.0127133/-0.9975194/0/0/0/0/1
231#2.566667#-0.9954127/-0.06504172/-0.0701725/0/-0.06401775/0.9978082/-0.01674655/1.5/0.07110791/-0.01217743/-0.997395/0/0/0/0/1
232#2.577778#-0.9952216/-0.06583721/-0.07210666/0/-0.06483822/0.9977657/-0.01611095/1.5/0.07300626/-0.0113587/-0.9972667/0/0/0/0/1
233#2.588889#-0.9950746/-0.06609394/-0.07387889/0/-0.0651129/0.9977558/-0.01561224/1.5/0.07474495/-0.01072487/-0.9971452/0/0/0/0/1
234#2.6#-0.9949495/-0.06604775/-0.07559314/0/-0.06509767/0.9977668/-0.01496707/1.5/0.07641287/-0.009970531/-0.9970268/0/0/0/0/1
235#2.611111#-0.9948367/-0.06594424/-0.07714728/0/-0.06500399/0.9977778/-0.01463887/1.5/0.07794117/-0.009548397/-0.9969126/0/0/0/0/1
236#2.622222#-0.9947408/-0.06573226/-0.07854877/0/-0.06478423/0.9977931/-0.01455996/1.5/0.07933247/-0.009394668/-0.9968041/0/0/0/0/1
237#2.633333#-0.994639/-0.06543075/-0.08007692/0/-0.06446928/0.9978138/-0.01453681/1.5/0.08085302/-0.009296376/-0.9966829/0/0/0/0/1
238#2.644444#-0.9945809/-0.06502129/-0.08112387/0/-0.06403466/0.9978392/-0.01470783/1.5/0.08190493/-0.00943339/-0.9965954/0/0/0/0/1
239#2.655556#-0.9944868/-0.06487298/-0.08238646/0/-0.06384616/0.9978464/-0.01504032/1.5/0.08318473/-0.009697335/-0.9964871/0/0/0/0/1
240#2.666667#-0.9944063/-0.06475372/-0.08345077/0/-0.0636442/0.9978461/-0.01589084/1.5/0.08430003/-0.01049079/-0.9963856/0/0/0/0/1
241#2.677778#-0.9943314/-0.06459984/-0.08445562/0/-0.06340469/0.9978471/-0.0167607/1.5/0.08535654/-0.0113108/-0.9962866/0/0/0/0/1
242#2.688889#-0.9942466/-0.06472384/-0.08535595/0/-0.06344251/0.9978296/-0.01764276/1.5/0.08631259/-0.01212605/-0.9961948/0/0/0/0/1
243#2.7#-0.9941754/-0.06474673/-0.08616171/0/-0.06338301/0.9978183/-0.01847327/1.5/0.08716981/-0.01290447/-0.9961104/0/0/0/0/1
244#2.711111#-0.9941099/-0.06473445/-0.08691769/0/-0.06328084/0.9978076/-0.0193793/1.5/0.08798163/-0.01376493/-0.996027/0/0/0/0/1
245#2.722222#-0.9940494/-0.06493624/-0.08746246/0/-0.06339353/0.997782/-0.02030537/1.5/0.08858702/-0.01463998/-0.9959612/0/0/0/0/1
246#2.733333#-0.993997/-0.06492337/-0.08806998/0/-0.06329722/0.9977709/-0.0211363/1.5/0.08924592/-0.01543482/-0.9958904/0/0/0/0/1
247#2.744445#-0.993959/-0.06515525/-0.08832434/0/-0.06344223/0.9977415/-0.02206829/1.5/0.08956271/-0.01633147/-0.9958478/0/0/0/0/1
248#2.755556#-0.9939195/-0.06538948/-0.08859281/0/-0.06357713/0.9977089/-0.02312982/1.5/0.08990227/-0.0173567/-0.9957997/0/0/0/0/1
249#2.766667#-0.9938784/-0.06579292/-0.08875672/0/-0.06389418/0.9976664/-0.02406995/1.5/0.09013323/-0.01825156/-0.9957628/0/0/0/0/1
250#2.777778#-0.9937928/-0.06659691/-0.08911534/0/-0.06458314/0.9975917/-0.02529646/1.5/0.09058538/-0.01938407/-0.9957006/0/0/0/0/1
251#2.788889#-0.9937165/-0.06744678/-0.08932473/0/-0.06531291/0.9975101/-0.02660346/1.5/0.09089662/-0.02060223/-0.9956475/0/0/0/0/1
252#2.8#-0.9936635/-0.06803554/-0.08947233/0/-0.06578521/0.9974446/-0.02786769/1.5/0.0911397/-0.02180513/-0.9955997/0/0/0/0/1
253#2.811111#-0.9936019/-0.06877563/-0.08958339/0/-0.06643235/0.9973727/-0.0288852/1.5/0.09133463/-0.02274915/-0.9955605/0/0/0/0/1
254#2.822222#-0.9935191/-0.06971493/-0.0897816/0/-0.06726574/0.9972833/-0.030026/1.5/0.09163094/-0.02379216/-0.9955091/0/0/0/0/1
255#2.833333#-0.9934793/-0.0704622/-0.08963688/0/-0.0679288/0.9972081/-0.03101036/1.5/0.09157168/-0.02471921/-0.995492/0/0/0/0/1
256#2.844445#-0.9934276/-0.07111584/-0.08969454/0/-0.06852879/0.9971485/-0.03160406/1.5/0.09168633/-0.02524967/-0.9954681/0/0/0/0/1
257#2.855556#-0.99338/-0.07188815/-0.0896015/0/-0.06922938/0.9970732/-0.03243994/1.5/0.09167131/-0.02602214/-0.9954491/0/0/0/0/1
258#2.866667#-0.9933197/-0.07257585/-0.08971996/0/-0.06983752/0.9970025/-0.03329668/1.5/0.09186757/-0.02680841/-0.9954107/0/0/0/0/1
259#2.877778#-0.9932308/-0.07345268/-0.08998649/0/-0.07063921/0.9969202/-0.03406547/1.5/0.09221154/-0.0274783/-0.9953603/0/0/0/0/1
260#2.888889#-0.9931508/-0.07421687/-0.09024583/0/-0.07131756/0.9968414/-0.03494262/1.5/0.09255411/-0.02826715/-0.9953068/0/0/0/0/1
261#2.9#-0.9930763/-0.07491013/-0.09048721/0/-0.07190102/0.9967592/-0.03607317/1.5/0.0928962/-0.02931728/-0.9952443/0/0/0/0/1
262#2.911111#-0.9930308/-0.07534899/-0.09062988/0/-0.0722278/0.9966925/-0.03724425/1.5/0.09313647/-0.03043867/-0.9951884/0/0/0/0/1
263#2.922222#-0.9929911/-0.07578538/-0.09069324/0/-0.07253842/0.996619/-0.03858234/1.5/0.09331057/-0.03173318/-0.9951314/0/0/0/0/1
264#2.933333#-0.9929604/-0.07620694/-0.09067538/0/-0.07281741/0.9965379/-0.0401242/1.5/0.09341919/-0.033239/-0.9950719/0/0/0/0/1
265#2.944444#-0.9928762/-0.07684928/-0.091061/0/-0.07328766/0.9964329/-0.0418364/1.5/0.09395129/-0.03486468/-0.9949665/0/0/0/0/1
266#2.955556#-0.9928262/-0.07760742/-0.09095719/0/-0.07386134/0.9963037/-0.04385668/1.5/0.09402459/-0.03682384/-0.9948887/0/0/0/0/1
267#2.966667#-0.9927738/-0.07823777/-0.09099136/0/-0.07430888/0.9961831/-0.04579832/1.5/0.09422722/-0.0387059/-0.9947982/0/0/0/0/1
268#2.977778#-0.992702/-0.0790069/-0.09110802/0/-0.07486957/0.9960387/-0.04797329/1.5/0.09453733/-0.04080196/-0.9946848/0/0/0/0/1
269#2.988889#-0.9926642/-0.07951251/-0.09108333/0/-0.07517476/0.9959107/-0.05010893/1.5/0.09469513/-0.04289414/-0.9945823/0/0/0/0/1
270#3#-0.9925878/-0.08031321/-0.09121392/0/-0.07576244/0.995753/-0.05230874/1.5/0.0950276/-0.04501041/-0.9944569/0/0/0/0/1
271#3.011111#-0.9925579/-0.08070612/-0.09118705/0/-0.07595407/0.9956241/-0.05443892/1.5/0.09518156/-0.04710774/-0.9943448/0/0/0/0/1
272#3.022222#-0.9925579/-0.08070612/-0.09118705/0/-0.07595407/0.9956241/-0.05443892/1.5/0.09518156/-0.04710774/-0.9943448/0/0/0/0/1
273#3.033333#-0.9925579/-0.08070612/-0.09118705/0/-0.07595407/0.9956241/-0.05443892/1.5/0.09518156/-0.04710774/-0.9943448/0/0/0/0/1
274#3.044445#-0.9925579/-0.08070612/-0.09118705/0/-0.07595407/0.9956241/-0.05443892/1.5/0.09518156/-0.04710774/-0.9943448/0/0/0/0/1
275#3.055556#-0.9925579/-0.08070612/-0.09118705/0/-0.07595407/0.9956241/-0.05443892/1.5/0.09518156/-0.04710774/-0.9943448/0/0/0/0/1
276#3.066667#-0.9925579/-0.08070612/-0.09118705/0/-0.07595407/0.9956241/-0.05443892/1.5/0.09518156/-0.04710774/-0.9943448/0/0/0/0/1
277#3.077778#-0.9925579/-0.08070612/-0.09118705/0/-0.07595407/0.9956241/-0.05443892/1.5/0.09518156/-0.04710774/-0.9943448/0/0/0/0/1
278#3.088889#-0.9925579/-0.08070612/-0.09118705/0/-0.07595407/0.9956241/-0.05443892/1.5/0.09518156/-0.04710774/-0.9943448/0/0/0/0/1
279#3.1#-0.9925579/-0.08070612/-0.09118705/0/-0.07595407/0.9956241/-0.05443892/1.5/0.09518156/-0.04710774/-0.9943448/0/0/0/0/1
280#3.111111#-0.9925249/-0.08348721/-0.08902035/0/-0.07703028/0.9943041/-0.07365995/1.5/0.09466297/-0.06625206/-0.9933023/0/0/0/0/1
281#3.122222#-0.9925877/-0.08335143/-0.0884474/0/-0.07678334/0.9942054/-0.07523436/1.5/0.09420575/-0.06788537/-0.9932361/0/0/0/0/1
282#3.133333#-0.9926628/-0.08310122/-0.0878377/0/-0.07648196/0.9941537/-0.07621597/1.5/0.09365781/-0.06893872/-0.9932152/0/0/0/0/1
283#3.144444#-0.9926946/-0.08319321/-0.08739008/0/-0.07651661/0.9940783/-0.07715958/1.5/0.09329173/-0.06990906/-0.9931818/0/0/0/0/1
284#3.155556#-0.9927359/-0.08316745/-0.08694316/0/-0.07643115/0.9940087/-0.07813445/1.5/0.09292049/-0.07092168/-0.9931446/0/0/0/0/1
285#3.166667#-0.9927987/-0.08305039/-0.08633333/0/-0.07632422/0.9939886/-0.07849307/1.5/0.09233324/-0.07133848/-0.9931692/0/0/0/0/1
286#3.177778#-0.9928919/-0.08252031/-0.08577169/0/-0.07583299/0.9940256/-0.07850343/1.5/0.09173737/-0.07144105/-0.9932176/0/0/0/0/1
287#3.188889#-0.9929731/-0.08194286/-0.08538443/0/-0.07530642/0.9940857/-0.07824644/1.5/0.09129117/-0.07126656/-0.9932714/0/0/0/0/1
288#3.2#-0.9930767/-0.08115109/-0.08493299/0/-0.0745649/0.9941576/-0.07804206/1.5/0.09076998/-0.07116871/-0.9933258/0/0/0/0/1
289#3.211111#-0.9931557/-0.08073065/-0.0844078/0/-0.07420168/0.994202/-0.07782216/1.5/0.09020102/-0.07102627/-0.9933882/0/0/0/0/1
290#3.222222#-0.9932228/-0.08039511/-0.08393846/0/-0.07392094/0.9942416/-0.07758363/1.5/0.08969247/-0.07085298/-0.9934462/0/0/0/0/1
291#3.233333#-0.9932849/-0.08008612/-0.08349814/0/-0.07365748/0.9942737/-0.07742328/1.5/0.08922053/-0.07075308/-0.9934961/0/0/0/0/1
292#3.244445#-0.9933642/-0.07954161/-0.08307224/0/-0.07315673/0.9943227/-0.07726756/1.5/0.08874658/-0.0706775/-0.9935439/0/0/0/0/1
293#3.255556#-0.9934306/-0.0790647/-0.0827376/0/-0.072696/0.9943503/-0.07734876/1.5/0.08838571/-0.07082587/-0.9935657/0/0/0/0/1
294#3.266667#-0.993516/-0.07850803/-0.08224104/0/-0.07218856/0.9943998/-0.07718714/1.5/0.08784028/-0.07074974/-0.9936194/0/0/0/0/1
295#3.277778#-0.9935586/-0.07830515/-0.08191363/0/-0.07202171/0.9944233/-0.07704074/1.5/0.08748952/-0.07064492/-0.9936574/0/0/0/0/1
296#3.288889#-0.9936172/-0.07791599/-0.08157396/0/-0.07165989/0.9944525/-0.0770008/1.5/0.08712104/-0.07066374/-0.9936883/0/0/0/0/1
297#3.3#-0.9936582/-0.07781973/-0.08117203/0/-0.07159001/0.9944556/-0.07702594/1.5/0.08671614/-0.07072628/-0.9937197/0/0/0/0/1
298#3.311111#-0.9936891/-0.07769034/-0.08090924/0/-0.07148605/0.9944692/-0.0769472/1.5/0.0864398/-0.07067771/-0.9937469/0/0/0/0/1
299#3.322222#-0.9937271/-0.07763207/-0.08050364/0/-0.071459/0.9944732/-0.07691987/1.5/0.08603016/-0.0706846/-0.9937823/0/0/0/0/1
300#3.333333#-0.9937806/-0.0775225/-0.07993987/0/-0.07136612/0.9944589/-0.07719146/1.5/0.08548099/-0.07100638/-0.9938064/0/0/0/0/1
301#3.344445#-0.9938473/-0.07726717/-0.0793609/0/-0.07114209/0.9944658/-0.077308/1.5/0.08489507/-0.07118639/-0.9938443/0/0/0/0/1
302#3.355556#-0.9938997/-0.07695112/-0.0790082/0/-0.07082324/0.994463/-0.07763596/1.5/0.0845449/-0.07156672/-0.9938464/0/0/0/0/1
303#3.366667#-0.9939606/-0.07674416/-0.07844524/0/-0.07065191/0.9944707/-0.0776934/1.5/0.08397401/-0.07168181/-0.9938867/0/0/0/0/1
304#3.377778#-0.9940137/-0.0764806/-0.07802743/0/-0.07041552/0.9944848/-0.0777273/1.5/0.08354172/-0.07176759/-0.9939171/0/0/0/0/1
305#3.388889#-0.9940598/-0.07644452/-0.07747496/0/-0.07044426/0.994506/-0.07742902/1.5/0.08296835/-0.07151134/-0.9939836/0/0/0/0/1
306#3.4#-0.9941018/-0.07636406/-0.07701227/0/-0.07037971/0.9944944/-0.07763795/1.5/0.08251703/-0.07175989/-0.9940029/0/0/0/0/1
307#3.411111#-0.9941272/-0.07653046/-0.07652018/0/-0.07058718/0.9944848/-0.0775718/1.5/0.08203476/-0.07171483/-0.9940464/0/0/0/0/1
308#3.422222#-0.9941927/-0.07627764/-0.07591362/0/-0.07037812/0.9944999/-0.07757081/1.5/0.08141302/-0.07177769/-0.9940924/0/0/0/0/1
309#3.433333#-0.9942465/-0.07613412/-0.07535455/0/-0.07023597/0.9944723/-0.07805037/1.5/0.08088029/-0.07230865/-0.9940981/0/0/0/0/1
