0#0#1/0/0/0/0/1/0/0/0/0/1/0/0/0/0/1
1#0.01111111#1/0/0/0/0/1/0/0/0/0/1/0/0/0/0/1
2#0.02222222#-0.2004289/-0.2631321/0.943711/-0.001116514/-0.1720694/0.9577382/0.2304987/0.07577491/-0.9644797/-0.1161852/-0.2372354/-0.8947412/0/0/0/1
3#0.03333334#-0.2004289/-0.2631321/0.943711/-0.001116514/-0.1720694/0.9577382/0.2304987/0.07577491/-0.9644797/-0.1161852/-0.2372354/-0.8947412/0/0/0/1
4#0.04444445#-0.2004289/-0.2631321/0.943711/-0.001116514/-0.1720694/0.9577382/0.2304987/0.07577491/-0.9644797/-0.1161852/-0.2372354/-0.8947412/0/0/0/1
5#0.05555556#-0.2004289/-0.2631321/0.943711/-0.001116514/-0.1720694/0.9577382/0.2304987/0.07577491/-0.9644797/-0.1161852/-0.2372354/-0.8947412/0/0/0/1
6#0.06666667#-0.2004289/-0.2631321/0.943711/-0.001116514/-0.1720694/0.9577382/0.2304987/0.07577491/-0.9644797/-0.1161852/-0.2372354/-0.8947412/0/0/0/1
7#0.07777778#-0.2004289/-0.2631321/0.943711/-0.001116514/-0.1720694/0.9577382/0.2304987/0.07577491/-0.9644797/-0.1161852/-0.2372354/-0.8947412/0/0/0/1
8#0.08888889#-0.2004289/-0.2631321/0.943711/-0.001116514/-0.1720694/0.9577382/0.2304987/0.07577491/-0.9644797/-0.1161852/-0.2372354/-0.8947412/0/0/0/1
9#0.1#-0.2004289/-0.2631321/0.943711/-0.001116514/-0.1720694/0.9577382/0.2304987/0.07577491/-0.9644797/-0.1161852/-0.2372354/-0.8947412/0/0/0/1
10#0.1111111#-0.2004289/-0.2631321/0.943711/-0.001116514/-0.1720694/0.9577382/0.2304987/0.07577491/-0.9644797/-0.1161852/-0.2372354/-0.8947412/0/0/0/1
11#0.1222222#-0.2004289/-0.2631321/0.943711/-0.001116514/-0.1720694/0.9577382/0.2304987/0.07577491/-0.9644797/-0.1161852/-0.2372354/-0.8947412/0/0/0/1
12#0.1333333#-0.2004289/-0.2631321/0.943711/-0.001116514/-0.1720694/0.9577382/0.2304987/0.07577491/-0.9644797/-0.1161852/-0.2372354/-0.8947412/0/0/0/1
13#0.1444445#-0.2004289/-0.2631321/0.943711/-0.001116514/-0.1720694/0.9577382/0.2304987/0.07577491/-0.9644797/-0.1161852/-0.2372354/-0.8947412/0/0/0/1
14#0.1555556#-0.2004289/-0.2631321/0.943711/-0.001116514/-0.1720694/0.9577382/0.2304987/0.07577491/-0.9644797/-0.1161852/-0.2372354/-0.8947412/0/0/0/1
15#0.1666667#-0.2004289/-0.2631321/0.943711/-0.001116514/-0.1720694/0.9577382/0.2304987/0.07577491/-0.9644797/-0.1161852/-0.2372354/-0.8947412/0/0/0/1
16#0.1777778#-0.2004289/-0.2631321/0.943711/-0.001116514/-0.1720694/0.9577382/0.2304987/0.07577491/-0.9644797/-0.1161852/-0.2372354/-0.8947412/0/0/0/1
17#0.1888889#-0.2004289/-0.2631321/0.943711/-0.001116514/-0.1720694/0.9577382/0.2304987/0.07577491/-0.9644797/-0.1161852/-0.2372354/-0.8947412/0/0/0/1
18#0.2#-0.2004289/-0.2631321/0.943711/-0.001116514/-0.1720694/0.9577382/0.2304987/0.07577491/-0.9644797/-0.1161852/-0.2372354/-0.8947412/0/0/0/1
19#0.2111111#-0.2004289/-0.2631321/0.943711/-0.001116514/-0.1720694/0.9577382/0.2304987/0.07577491/-0.9644797/-0.1161852/-0.2372354/-0.8947412/0/0/0/1
20#0.2222222#-0.2004289/-0.2631321/0.943711/-0.001116514/-0.1720694/0.9577382/0.2304987/0.07577491/-0.9644797/-0.1161852/-0.2372354/-0.8947412/0/0/0/1
21#0.2333333#-0.2004289/-0.2631321/0.943711/-0.001116514/-0.1720694/0.9577382/0.2304987/0.07577491/-0.9644797/-0.1161852/-0.2372354/-0.8947412/0/0/0/1
22#0.2444444#-0.2004289/-0.2631321/0.943711/-0.001116514/-0.1720694/0.9577382/0.2304987/0.07577491/-0.9644797/-0.1161852/-0.2372354/-0.8947412/0/0/0/1
23#0.2555556#-0.2004289/-0.2631321/0.943711/-0.001116514/-0.1720694/0.9577382/0.2304987/0.07577491/-0.9644797/-0.1161852/-0.2372354/-0.8947412/0/0/0/1
24#0.2666667#-0.2004289/-0.2631321/0.943711/-0.001116514/-0.1720694/0.9577382/0.2304987/0.07577491/-0.9644797/-0.1161852/-0.2372354/-0.8947412/0/0/0/1
25#0.2777778#-0.2004289/-0.2631321/0.943711/-0.001116514/-0.1720694/0.9577382/0.2304987/0.07577491/-0.9644797/-0.1161852/-0.2372354/-0.8947412/0/0/0/1
26#0.2888889#-0.2004289/-0.2631321/0.943711/-0.001116514/-0.1720694/0.9577382/0.2304987/0.07577491/-0.9644797/-0.1161852/-0.2372354/-0.8947412/0/0/0/1
27#0.3#-0.2004289/-0.2631321/0.943711/-0.001116514/-0.1720694/0.9577382/0.2304987/0.07577491/-0.9644797/-0.1161852/-0.2372354/-0.8947412/0/0/0/1
28#0.3111111#-0.2004289/-0.2631321/0.943711/-0.001116514/-0.1720694/0.9577382/0.2304987/0.07577491/-0.9644797/-0.1161852/-0.2372354/-0.8947412/0/0/0/1
29#0.3222222#-0.2004289/-0.2631321/0.943711/-0.001116514/-0.1720694/0.9577382/0.2304987/0.07577491/-0.9644797/-0.1161852/-0.2372354/-0.8947412/0/0/0/1
30#0.3333333#-0.2004289/-0.2631321/0.943711/-0.001116514/-0.1720694/0.9577382/0.2304987/0.07577491/-0.9644797/-0.1161852/-0.2372354/-0.8947412/0/0/0/1
31#0.3444445#-0.2004289/-0.2631321/0.943711/-0.001116514/-0.1720694/0.9577382/0.2304987/0.07577491/-0.9644797/-0.1161852/-0.2372354/-0.8947412/0/0/0/1
32#0.3555556#-0.2012865/-0.2612699/0.9440454/-0.003676295/-0.1686773/0.9586197/0.2293386/0.07517028/-0.9649/-0.1130762/-0.2370274/-0.8938566/0/0/0/1
33#0.3666667#-0.2012865/-0.2612699/0.9440454/-0.003676295/-0.1686773/0.9586197/0.2293386/0.07517028/-0.9649/-0.1130762/-0.2370274/-0.8938566/0/0/0/1
34#0.3777778#-0.2012865/-0.2612699/0.9440454/-0.003676295/-0.1686773/0.9586197/0.2293386/0.07517028/-0.9649/-0.1130762/-0.2370274/-0.8938566/0/0/0/1
35#0.3888889#-0.2012865/-0.2612699/0.9440454/-0.003676295/-0.1686773/0.9586197/0.2293386/0.07517028/-0.9649/-0.1130762/-0.2370274/-0.8938566/0/0/0/1
36#0.4#-0.2006824/-0.2613499/0.9441519/-0.003657579/-0.1690569/0.9585385/0.2293987/0.07504416/-0.9649593/-0.1135791/-0.2365448/-0.8938404/0/0/0/1
37#0.4111111#-0.2006733/-0.2613995/0.9441403/-0.003746271/-0.1691657/0.9585134/0.2294235/0.07503152/-0.9649425/-0.113677/-0.2365678/-0.8938133/0/0/0/1
38#0.4222222#-0.2010781/-0.2616732/0.9439782/-0.00353241/-0.1697778/0.9583862/0.2295025/0.07493508/-0.9647503/-0.1141186/-0.2371367/-0.8939186/0/0/0/1
39#0.4333333#-0.2010913/-0.2617078/0.9439659/-0.00361824/-0.1697947/0.9583762/0.229532/0.07489038/-0.9647446/-0.1141235/-0.2371577/-0.8938974/0/0/0/1
40#0.4444444#-0.2009155/-0.2614501/0.944075/-0.003309965/-0.1698815/0.9584234/0.2292701/0.07503164/-0.9647663/-0.1143169/-0.2369776/-0.8940243/0/0/0/1
41#0.4555556#-0.2008757/-0.2614127/0.9440939/-0.003372908/-0.1698361/0.9584369/0.2292482/0.07499659/-0.9647826/-0.1142908/-0.236924/-0.8940078/0/0/0/1
42#0.4666667#-0.2008978/-0.2607542/0.9442706/-0.001907349/-0.169909/0.9585885/0.228559/0.07550657/-0.9647647/-0.1145231/-0.2368828/-0.8943974/0/0/0/1
43#0.4777778#-0.2021771/-0.2626179/0.9434814/-0.001034737/-0.1712272/0.9580158/0.2299718/0.07606435/-0.9642649/-0.1150546/-0.2386563/-0.8945342/0/0/0/1
44#0.4888889#-0.2021771/-0.2626179/0.9434814/-0.001034737/-0.1712272/0.9580158/0.2299718/0.07606435/-0.9642649/-0.1150546/-0.2386563/-0.8945342/0/0/0/1
45#0.5#-0.2021771/-0.2626179/0.9434814/-0.001034737/-0.1712272/0.9580158/0.2299718/0.07606435/-0.9642649/-0.1150546/-0.2386563/-0.8945342/0/0/0/1
46#0.5111111#-0.2021771/-0.2626179/0.9434814/-0.001034737/-0.1712272/0.9580158/0.2299718/0.07606435/-0.9642649/-0.1150546/-0.2386563/-0.8945342/0/0/0/1
47#0.5222222#-0.2021771/-0.2626179/0.9434814/-0.001034737/-0.1712272/0.9580158/0.2299718/0.07606435/-0.9642649/-0.1150546/-0.2386563/-0.8945342/0/0/0/1
48#0.5333334#-0.2021771/-0.2626179/0.9434814/-0.001034737/-0.1712272/0.9580158/0.2299718/0.07606435/-0.9642649/-0.1150546/-0.2386563/-0.8945342/0/0/0/1
49#0.5444444#-0.2021771/-0.2626179/0.9434814/-0.001034737/-0.1712272/0.9580158/0.2299718/0.07606435/-0.9642649/-0.1150546/-0.2386563/-0.8945342/0/0/0/1
50#0.5555556#-0.2021771/-0.2626179/0.9434814/-0.001034737/-0.1712272/0.9580158/0.2299718/0.07606435/-0.9642649/-0.1150546/-0.2386563/-0.8945342/0/0/0/1
51#0.5666667#-0.2021771/-0.2626179/0.9434814/-0.001034737/-0.1712272/0.9580158/0.2299718/0.07606435/-0.9642649/-0.1150546/-0.2386563/-0.8945342/0/0/0/1
52#0.5777778#-0.2021771/-0.2626179/0.9434814/-0.001034737/-0.1712272/0.9580158/0.2299718/0.07606435/-0.9642649/-0.1150546/-0.2386563/-0.8945342/0/0/0/1
53#0.5888889#-0.2021771/-0.2626179/0.9434814/-0.001034737/-0.1712272/0.9580158/0.2299718/0.07606435/-0.9642649/-0.1150546/-0.2386563/-0.8945342/0/0/0/1
54#0.6#-0.2021771/-0.2626179/0.9434814/-0.001034737/-0.1712272/0.9580158/0.2299718/0.07606435/-0.9642649/-0.1150546/-0.2386563/-0.8945342/0/0/0/1
55#0.6111111#-0.2021771/-0.2626179/0.9434814/-0.001034737/-0.1712272/0.9580158/0.2299718/0.07606435/-0.9642649/-0.1150546/-0.2386563/-0.8945342/0/0/0/1
56#0.6222222#-0.2021771/-0.2626179/0.9434814/-0.001034737/-0.1712272/0.9580158/0.2299718/0.07606435/-0.9642649/-0.1150546/-0.2386563/-0.8945342/0/0/0/1
57#0.6333333#-0.2021771/-0.2626179/0.9434814/-0.001034737/-0.1712272/0.9580158/0.2299718/0.07606435/-0.9642649/-0.1150546/-0.2386563/-0.8945342/0/0/0/1
58#0.6444445#-0.2021771/-0.2626179/0.9434814/-0.001034737/-0.1712272/0.9580158/0.2299718/0.07606435/-0.9642649/-0.1150546/-0.2386563/-0.8945342/0/0/0/1
59#0.6555555#-0.2021771/-0.2626179/0.9434814/-0.001034737/-0.1712272/0.9580158/0.2299718/0.07606435/-0.9642649/-0.1150546/-0.2386563/-0.8945342/0/0/0/1
60#0.6666667#-0.2022506/-0.2626618/0.9434533/-0.001055241/-0.1713263/0.9579954/0.2299829/0.07607603/-0.9642318/-0.1151241/-0.238756/-0.89455/0/0/0/1
61#0.6777778#-0.2019825/-0.2632727/0.9433396/-0.00153923/-0.1714187/0.9578274/0.2306126/0.07591844/-0.9642707/-0.1151264/-0.2385941/-0.8944231/0/0/0/1
62#0.6888889#-0.2019749/-0.263281/0.9433398/-0.0015769/-0.1714697/0.9578191/0.2306096/0.07592809/-0.964264/-0.1151768/-0.2386002/-0.8944238/0/0/0/1
63#0.7#-0.201848/-0.2630508/0.9434308/-0.001802802/-0.1712087/0.9579028/0.2304557/0.07572472/-0.9643365/-0.1150065/-0.2383875/-0.8943204/0/0/0/1
64#0.7111111#-0.2018056/-0.263072/0.9434343/-0.001847744/-0.1712212/0.9578948/0.2304794/0.07572412/-0.9643436/-0.1150238/-0.2383521/-0.8943056/0/0/0/1
65#0.7222223#-0.2019827/-0.2624332/0.943574/-0.001540065/-0.1711374/0.9580659/0.2298298/0.07575417/-0.964321/-0.1150591/-0.2384249/-0.8943533/0/0/0/1
66#0.7333333#-0.2024555/-0.2616615/0.9436866/-0.00135994/-0.1709981/0.9582838/0.2290234/0.07568967/-0.9642465/-0.1150016/-0.2387534/-0.8944265/0/0/0/1
67#0.7444445#-0.2024236/-0.261664/0.9436933/-0.001367807/-0.1709437/0.9582888/0.2290434/0.07567453/-0.9642631/-0.1149546/-0.2387101/-0.894426/0/0/0/1
68#0.7555556#-0.2024522/-0.2616485/0.9436913/-0.001377106/-0.1709268/0.9582954/0.2290284/0.07566011/-0.9642599/-0.1149348/-0.2387317/-0.8944401/0/0/0/1
69#0.7666667#-0.2024294/-0.2621067/0.943569/-0.001298785/-0.1707485/0.9582046/0.2295406/0.07583547/-0.9642963/-0.1146472/-0.238723/-0.8944188/0/0/0/1
70#0.7777778#-0.2024616/-0.2621008/0.9435641/-0.001312494/-0.170774/0.958204/0.2295244/0.07583642/-0.9642854/-0.1146663/-0.2387596/-0.8944343/0/0/0/1
71#0.7888889#-0.2020743/-0.2626215/0.9435019/-0.001582623/-0.1707159/0.9580728/0.2301142/0.07586384/-0.9643763/-0.1145706/-0.2384356/-0.8943721/0/0/0/1
72#0.8#-0.2021044/-0.262813/0.943442/-0.001803756/-0.1703871/0.9580659/0.2303864/0.07573652/-0.9644282/-0.1141883/-0.2384094/-0.8942848/0/0/0/1
73#0.8111112#-0.2021417/-0.2627693/0.9434469/-0.001834869/-0.1703597/0.9580809/0.2303444/0.0757246/-0.9644258/-0.114163/-0.2384335/-0.8942872/0/0/0/1
74#0.8222222#-0.2019024/-0.26257/0.9435533/-0.001627803/-0.1699905/0.9581664/0.2302619/0.0757674/-0.964541/-0.1139046/-0.2380905/-0.8943084/0/0/0/1
75#0.8333334#-0.2018456/-0.2625114/0.9435817/-0.001653194/-0.1700535/0.9581715/0.2301936/0.07575822/-0.9645414/-0.1139958/-0.2380438/-0.8943063/0/0/0/1
76#0.8444445#-0.201816/-0.2626292/0.9435551/-0.001961231/-0.1696784/0.9581861/0.2304094/0.07562137/-0.9646137/-0.1136007/-0.2379397/-0.8942479/0/0/0/1
77#0.8555556#-0.2018161/-0.2626165/0.9435589/-0.002003789/-0.1696793/0.9581892/0.2303963/0.07558608/-0.9646137/-0.1136047/-0.2379386/-0.8942417/0/0/0/1
78#0.8666667#-0.2017831/-0.262153/0.9436951/-0.001934171/-0.1698065/0.9582863/0.2298982/0.0755955/-0.9645984/-0.1138559/-0.2378814/-0.8942784/0/0/0/1
79#0.8777778#-0.2020051/-0.2618966/0.9437184/-0.001503468/-0.1699642/0.9583365/0.2295723/0.07578409/-0.9645241/-0.1140236/-0.2381018/-0.8944122/0/0/0/1
80#0.8888889#-0.2019304/-0.261887/0.9437371/-0.00149703/-0.1699959/0.9583329/0.2295636/0.07578886/-0.9645342/-0.1140755/-0.2380362/-0.8944291/0/0/0/1
81#0.9#-0.2018438/-0.2620341/0.9437149/-0.001742005/-0.1696748/0.9583325/0.2298026/0.07568729/-0.9646087/-0.1137404/-0.2378941/-0.8943466/0/0/0/1
82#0.9111111#-0.2018561/-0.2620725/0.9437012/-0.001754284/-0.1697852/0.9583105/0.2298128/0.07568955/-0.9645865/-0.1138374/-0.2379368/-0.8943635/0/0/0/1
83#0.9222223#-0.2019258/-0.2620274/0.9436992/-0.001820803/-0.169608/0.9583444/0.2298025/0.07569718/-0.9646034/-0.1136559/-0.2379565/-0.8943158/0/0/0/1
84#0.9333333#-0.2021732/-0.2620651/0.943636/-0.001821399/-0.1698176/0.9583176/0.2297595/0.07572246/-0.9645148/-0.1137947/-0.2382494/-0.8943425/0/0/0/1
85#0.9444445#-0.2019453/-0.2618116/0.9437548/-0.001744986/-0.1697461/0.9583812/0.2295469/0.07568729/-0.9645749/-0.1138428/-0.2379821/-0.8942908/0/0/0/1
86#0.9555556#-0.2020633/-0.2619114/0.9437016/-0.001763701/-0.1701941/0.9583073/0.2295235/0.07568765/-0.9644709/-0.1142341/-0.2382146/-0.8942651/0/0/0/1
87#0.9666667#-0.2044699/-0.2622872/0.9430791/-0.0018574/-0.1693129/0.9583884/0.2298363/0.07567871/-0.9641194/-0.1126809/-0.2403701/-0.8936709/0/0/0/1
88#0.9777778#-0.2118247/-0.2632577/0.9411835/-0.001887083/-0.1716649/0.9580864/0.2293505/0.07553947/-0.9621136/-0.112986/-0.2481385/-0.8933653/0/0/0/1
89#0.9888889#-0.2214638/-0.2654993/0.9383305/-0.001867175/-0.1761557/0.9572861/0.2292868/0.07559609/-0.9591264/-0.1145135/-0.2587735/-0.8931302/0/0/0/1
90#1#-0.2302004/-0.2665322/0.935932/-0.001061678/-0.1797236/0.9568616/0.2282881/0.07581294/-0.9564034/-0.115657/-0.2681721/-0.8933405/0/0/0/1
91#1.011111#-0.2426063/-0.268845/0.9321292/-0.0009840727/-0.1833899/0.9562196/0.2280621/0.07592082/-0.9526336/-0.1156138/-0.2812884/-0.8929538/0/0/0/1
92#1.022222#-0.2528683/-0.2702531/0.9289892/-0.0009968281/-0.1849687/0.9559875/0.2277593/0.07601154/-0.9496548/-0.1142408/-0.2917273/-0.8926369/0/0/0/1
93#1.033333#-0.2672113/-0.2722638/0.9243763/-0.0009138584/-0.1871152/0.9556581/0.227388/0.07600594/-0.9452972/-0.1122041/-0.3063074/-0.8920282/0/0/0/1
94#1.044444#-0.2821769/-0.2751861/0.9190478/-0.0002908707/-0.1922545/0.954765/0.2268525/0.07615042/-0.9399015/-0.1126785/-0.3223183/-0.8920017/0/0/0/1
95#1.055556#-0.2966173/-0.2797005/0.9131191/-0.0004251003/-0.2014344/0.9529612/0.226471/0.07630527/-0.9335111/-0.1167583/-0.3390062/-0.8914658/0/0/0/1
96#1.066667#-0.3116563/-0.2853293/0.9063429/-0.000805378/-0.2131874/0.950529/0.2259328/0.07630563/-0.9259704/-0.1228075/-0.357067/-0.8911399/0/0/0/1
97#1.077778#-0.3251378/-0.2948142/0.8985381/-0.001749992/-0.2319045/0.9460073/0.2264741/0.07615709/-0.9167914/-0.1347396/-0.3759515/-0.890704/0/0/0/1
98#1.088889#-0.3403809/-0.3043361/0.8896747/-0.002333164/-0.2506381/0.9413058/0.2261064/0.07607841/-0.9062683/-0.146024/-0.3966807/-0.8906223/0/0/0/1
99#1.1#-0.3538372/-0.3146693/0.8807855/-0.003099203/-0.2672544/0.93646/0.2271958/0.07584798/-0.8963119/-0.1550034/-0.4154511/-0.8902396/0/0/0/1
100#1.111111#-0.3694202/-0.3217207/0.8717939/-0.0036695/-0.2780733/0.9334403/0.2266374/0.07599199/-0.8866814/-0.1586981/-0.4342936/-0.8897339/0/0/0/1
101#1.122222#-0.3834451/-0.3264388/0.8639494/-0.004825354/-0.2851026/0.9316019/0.2254648/0.07590187/-0.8784574/-0.1598608/-0.4502867/-0.8888406/0/0/0/1
102#1.133333#-0.3975998/-0.3242457/0.8583589/-0.005223989/-0.2827506/0.933253/0.2215647/0.07628894/-0.8729073/-0.1546073/-0.462742/-0.887834/0/0/0/1
103#1.144444#-0.4071002/-0.3255509/0.8533966/-0.006735206/-0.2823973/0.9334086/0.22136/0.07539046/-0.8686318/-0.1508812/-0.4719254/-0.8865777/0/0/0/1
104#1.155556#-0.4183308/-0.3196735/0.8501816/-0.007823944/-0.2741378/0.9368057/0.2173558/0.07571602/-0.8659378/-0.1421402/-0.4795294/-0.8850881/0/0/0/1
105#1.166667#-0.4262777/-0.3063743/0.8511303/-0.008175373/-0.2582365/0.9429602/0.2100953/0.0760262/-0.86695/-0.1302339/-0.4810798/-0.8834032/0/0/0/1
106#1.177778#-0.4320508/-0.2995188/0.8506593/-0.008157492/-0.2481186/0.9463159/0.2071801/0.07572699/-0.8670465/-0.121552/-0.4831728/-0.881559/0/0/0/1
107#1.188889#-0.4377161/-0.305691/0.845552/-0.008521318/-0.2539227/0.9441747/0.2098982/0.07508314/-0.8625129/-0.122829/-0.4909024/-0.8800887/0/0/0/1
108#1.2#-0.440977/-0.3185248/0.8390958/-0.00874114/-0.2638319/0.9396051/0.2180252/0.07473564/-0.8578652/-0.1252361/-0.4983813/-0.8783551/0/0/0/1
109#1.211111#-0.4368346/-0.3311915/0.836354/-0.009417534/-0.2766219/0.9341609/0.2254407/0.07468438/-0.8559532/-0.1328735/-0.4996887/-0.8766443/0/0/0/1
110#1.222222#-0.4380209/-0.3342004/0.8345345/-0.01051855/-0.2796573/0.9329232/0.226818/0.07470405/-0.8543591/-0.1340327/-0.5021014/-0.8745023/0/0/0/1
111#1.233333#-0.4397485/-0.3384474/0.8319102/-0.0122242/-0.2797215/0.9318194/0.2312326/0.07605994/-0.8534501/-0.131019/-0.5044372/-0.872105/0/0/0/1
112#1.244444#-0.4412032/-0.3502308/0.8262435/-0.01338029/-0.2827638/0.9280565/0.2423956/0.07708788/-0.8516952/-0.126686/-0.508494/-0.869882/0/0/0/1
113#1.255556#-0.442539/-0.3656734/0.8188056/-0.01505709/-0.291319/0.9221814/0.2543915/0.07876241/-0.8481112/-0.1259554/-0.5146289/-0.8677312/0/0/0/1
114#1.266667#-0.4432507/-0.385192/0.8094171/-0.01682925/-0.3042717/0.9140084/0.2683415/0.08042645/-0.8431773/-0.1273402/-0.5223379/-0.8654736/0/0/0/1
115#1.277778#-0.4444698/-0.4022975/0.8003777/-0.01724827/-0.3157277/0.9065009/0.2803076/0.08277309/-0.83831/-0.128113/-0.5299288/-0.8636302/0/0/0/1
116#1.288889#-0.4446068/-0.4240104/0.7890121/-0.01909757/-0.3274172/0.8968377/0.2974563/0.08501768/-0.8337405/-0.126085/-0.5375683/-0.8612624/0/0/0/1
117#1.3#-0.4468403/-0.4411506/0.7782801/-0.02128434/-0.331246/0.8897164/0.3141348/0.08724213/-0.8310294/-0.1174341/-0.5436906/-0.8586568/0/0/0/1
118#1.311111#-0.4484809/-0.4617864/0.7652569/-0.02316737/-0.3377059/0.8802729/0.3332781/0.08961546/-0.8275381/-0.1089629/-0.5507337/-0.8558408/0/0/0/1
119#1.322222#-0.4497855/-0.4864474/0.7490408/-0.02564073/-0.3477455/0.8678651/0.3548003/0.09232271/-0.8226579/-0.1008915/-0.5595132/-0.8531131/0/0/0/1
120#1.333333#-0.4510669/-0.5088714/0.7332042/-0.02779567/-0.3603991/0.8554212/0.3719772/0.09501123/-0.8164871/-0.09645952/-0.5692489/-0.8500618/0/0/0/1
121#1.344445#-0.4507905/-0.5359266/0.7138425/-0.03024912/-0.3774885/0.839134/0.3916077/0.09750855/-0.8088824/-0.0929343/-0.5805798/-0.8468686/0/0/0/1
122#1.355556#-0.449195/-0.5627966/0.6938905/-0.03316426/-0.3951934/0.8217066/0.410634/0.09983921/-0.801278/-0.08976621/-0.59152/-0.8436059/0/0/0/1
123#1.366667#-0.4476166/-0.5919086/0.6702862/-0.03594518/-0.4127821/0.801702/0.432302/0.1024507/-0.793253/-0.08317662/-0.6031843/-0.8393868/0/0/0/1
124#1.377778#-0.4494761/-0.6104184/0.6521969/-0.03773999/-0.4185183/0.7889162/0.4499487/0.1048776/-0.7891854/-0.07071519/-0.6100705/-0.8354365/0/0/0/1
125#1.388889#-0.4605103/-0.6191213/0.6360968/-0.03886366/-0.4086296/0.7840194/0.4672638/0.1078678/-0.7880052/-0.04474823/-0.6140403/-0.829316/0/0/0/1
126#1.4#-0.4703498/-0.6207247/0.6272733/-0.03965569/-0.3967584/0.7836592/0.4779759/0.1095713/-0.78826/-0.0240601/-0.6148717/-0.8245164/0/0/0/1
127#1.411111#-0.4769471/-0.6221726/0.6208243/-0.04029381/-0.3866323/0.7828441/0.4875148/0.1112752/-0.7893271/-0.007512003/-0.6139271/-0.819141/0/0/0/1
128#1.422222#-0.4788731/-0.623873/0.6176269/-0.04058874/-0.3770295/0.7815086/0.4970846/0.1124364/-0.7927984/0.005176842/-0.609462/-0.8137587/0/0/0/1
129#1.433333#-0.4775261/-0.6282354/0.6142386/-0.04108667/-0.3721272/0.7779109/0.5063357/0.1132851/-0.795921/0.01321363/-0.6052563/-0.8081475/0/0/0/1
130#1.444445#-0.471752/-0.6318205/0.6150234/-0.04092646/-0.3697439/0.7749812/0.5125368/0.1136229/-0.8004628/0.01438902/-0.5992108/-0.8026503/0/0/0/1
131#1.455556#-0.4656313/-0.6373686/0.6139613/-0.04058528/-0.3700915/0.7704227/0.5191156/0.1139131/-0.8038778/0.01449466/-0.5946177/-0.7967991/0/0/0/1
132#1.466667#-0.4471102/-0.6503162/0.6141509/-0.03983498/-0.3804069/0.7596604/0.5274531/0.1134335/-0.8095576/0.002202451/-0.5870366/-0.7912475/0/0/0/1
133#1.477778#-0.4265885/-0.6638073/0.6143147/-0.03829527/-0.3923768/0.747798/0.5355734/0.1134179/-0.8149008/-0.01257345/-0.5794647/-0.7852339/0/0/0/1
134#1.488889#-0.4027821/-0.6765897/0.6164361/-0.03618276/-0.4030613/0.7357787/0.5442165/0.1129333/-0.8217717/-0.02926087/-0.5690656/-0.7794348/0/0/0/1
135#1.5#-0.3749939/-0.6887677/0.6204667/-0.03442907/-0.4150176/0.7232208/0.5520074/0.1113868/-0.8289391/-0.05050522/-0.5570543/-0.7736417/0/0/0/1
136#1.511111#-0.3484811/-0.6985598/0.6249601/-0.03188896/-0.4247818/0.7120549/0.5590511/0.1103852/-0.8355364/-0.07065298/-0.5448734/-0.7677861/0/0/0/1
137#1.522222#-0.3184436/-0.705605/0.6330211/-0.02934504/-0.4333409/0.7022823/0.5648146/0.1079346/-0.8430954/-0.09445228/-0.5294049/-0.7614447/0/0/0/1
138#1.533333#-0.2921542/-0.7070301/0.6440142/-0.02672911/-0.4333258/0.6981668/0.569905/0.1056783/-0.8525695/-0.1125678/-0.5103467/-0.7551919/0/0/0/1
139#1.544444#-0.2694144/-0.7039735/0.6571436/-0.02362132/-0.4314587/0.6982924/0.5711666/0.1026961/-0.8609645/-0.1296498/-0.4918655/-0.7488786/0/0/0/1
140#1.555556#-0.2454686/-0.6989157/0.6717603/-0.020064/-0.4272418/0.7000296/0.5722089/0.09878242/-0.8701781/-0.1465447/-0.4704413/-0.7428044/0/0/0/1
141#1.566667#-0.2222949/-0.6925145/0.6863011/-0.01672745/-0.424522/0.7024323/0.5712883/0.09506524/-0.8777055/-0.1643553/-0.4501348/-0.7363878/0/0/0/1
142#1.577778#-0.1993108/-0.6844057/0.7013302/-0.01107848/-0.4235518/0.7055511/0.5681562/0.09124899/-0.8836738/-0.18381/-0.4305053/-0.7303895/0/0/0/1
143#1.588889#-0.1749069/-0.6763595/0.7155039/-0.006868601/-0.4265938/0.7070117/0.5640501/0.08643627/-0.8873703/-0.2065732/-0.412192/-0.7244691/0/0/0/1
144#1.6#-0.1509972/-0.6681895/0.7285072/-0.00326848/-0.4312097/0.7076684/0.5596995/0.0816052/-0.8895269/-0.2296263/-0.3949857/-0.7189587/0/0/0/1
145#1.611111#-0.1268591/-0.6577883/0.7424436/0.0005233288/-0.4390258/0.7084195/0.5526291/0.07561505/-0.889474/-0.2558458/-0.3786555/-0.7133423/0/0/0/1
146#1.622222#-0.1066014/-0.6451443/0.7565877/0.004203558/-0.4466674/0.7108944/0.543247/0.07016599/-0.8883268/-0.2800322/-0.3639471/-0.7084395/0/0/0/1
147#1.633333#-0.09212328/-0.6270822/0.7734868/0.00856328/-0.4539779/0.7178107/0.5278752/0.06408262/-0.886238/-0.3025162/-0.3508085/-0.7037584/0/0/0/1
148#1.644444#-0.08438816/-0.6053745/0.791455/0.01221502/-0.4596003/0.7283975/0.5081387/0.05824137/-0.884108/-0.3208719/-0.3396984/-0.699798/0/0/0/1
149#1.655556#-0.08330286/-0.5842634/0.8072773/0.0156951/-0.4614347/0.7406294/0.4884118/0.05219746/-0.8832546/-0.3318197/-0.3312959/-0.6960839/0/0/0/1
150#1.666667#-0.08536031/-0.5705515/0.816814/0.01915956/-0.469943/0.7459422/0.4719365/0.04656231/-0.8785602/-0.3435712/-0.3318006/-0.6933566/0/0/0/1
151#1.677778#-0.08844579/-0.5613776/0.8228201/0.02261198/-0.4775804/0.7488177/0.4595533/0.04137361/-0.8741251/-0.352317/-0.3343326/-0.6910092/0/0/0/1
152#1.688889#-0.1011506/-0.5571808/0.8242078/0.02360022/-0.4814122/0.7524169/0.4495678/0.03498328/-0.8706384/-0.3513095/-0.3443411/-0.6889025/0/0/0/1
153#1.7#-0.121018/-0.5578158/0.8210951/0.02489948/-0.4740894/0.759216/0.4459044/0.03143871/-0.8721207/-0.3353098/-0.3563336/-0.6873366/0/0/0/1
154#1.711111#-0.1425806/-0.5572367/0.8180207/0.0275588/-0.4665825/0.7667156/0.4409625/0.0280745/-0.8729098/-0.3188015/-0.3693156/-0.6861717/0/0/0/1
155#1.722222#-0.1629116/-0.5578263/0.8138124/0.02876329/-0.4592571/0.772899/0.4378473/0.02502716/-0.8732373/-0.3024185/-0.3821/-0.6848079/0/0/0/1
156#1.733333#-0.1776405/-0.5583281/0.810379/0.03077817/-0.4580583/0.7757437/0.4340561/0.02188051/-0.8709921/-0.2940948/-0.3935502/-0.6836971/0/0/0/1
157#1.744444#-0.1845054/-0.5661064/0.8034188/0.03141415/-0.4679149/0.7694619/0.4347231/0.01950359/-0.8642996/-0.2957228/-0.4068596/-0.6829411/0/0/0/1
158#1.755556#-0.1857364/-0.5728452/0.798342/0.03370631/-0.4832368/0.7606879/0.4334003/0.01789093/-0.8555607/-0.3052901/-0.4181073/-0.6830112/0/0/0/1
159#1.766667#-0.1853973/-0.5767254/0.7956231/0.03571105/-0.4947106/0.7543501/0.4315296/0.01596379/-0.8490522/-0.3135987/-0.4251665/-0.6829859/0/0/0/1
160#1.777778#-0.1835836/-0.577637/0.7953824/0.03632236/-0.5041956/0.7499257/0.4282505/0.01387811/-0.8438509/-0.3224085/-0.4289161/-0.6824111/0/0/0/1
161#1.788889#-0.1798082/-0.5708576/0.8011186/0.03840566/-0.5075232/0.751467/0.4215658/0.01236403/-0.8426683/-0.3307852/-0.4248434/-0.6823176/0/0/0/1
162#1.8#-0.179378/-0.5627761/0.8069116/0.03926039/-0.5083377/0.7552543/0.4137434/0.01031971/-0.8422683/-0.3359672/-0.4215564/-0.6817302/0/0/0/1
163#1.811111#-0.183419/-0.5553929/0.8111085/0.03989935/-0.5036336/0.7616852/0.4076631/0.008209944/-0.8442225/-0.3337281/-0.4194222/-0.68146/0/0/0/1
164#1.822222#-0.190885/-0.5472411/0.8149176/0.04028964/-0.4936898/0.7710667/0.4021529/0.006424189/-0.8484302/-0.3255515/-0.4173523/-0.6812788/0/0/0/1
165#1.833333#-0.1990357/-0.5388227/0.8185691/0.04161453/-0.4848325/0.7800384/0.3955729/0.004905105/-0.8516591/-0.3181356/-0.4164942/-0.6816272/0/0/0/1
166#1.844445#-0.2072695/-0.5303127/0.8220757/0.04215288/-0.4781724/0.7880202/0.3877828/0.003197074/-0.8534583/-0.3127182/-0.4169134/-0.6819638/0/0/0/1
167#1.855556#-0.2154509/-0.5201013/0.8264841/0.04505706/-0.4744926/0.7954878/0.3769033/0.002413154/-0.8534856/-0.3109564/-0.4181729/-0.6830097/0/0/0/1
168#1.866667#-0.2222984/-0.5104347/0.8306863/0.05196571/-0.4713947/0.8020702/0.3667019/0.003801346/-0.8534462/-0.3100639/-0.4189151/-0.6857992/0/0/0/1
169#1.877778#-0.2329704/-0.4963695/0.8362671/0.05329645/-0.4647752/0.8121924/0.3526013/0.00211966/-0.8542302/-0.3065304/-0.4199171/-0.6869222/0/0/0/1
170#1.888889#-0.2410867/-0.4856387/0.8402578/0.05447185/-0.4587467/0.819989/0.3423008/0.0006378889/-0.8552365/-0.3029412/-0.4204736/-0.6878859/0/0/0/1
171#1.9#-0.2434016/-0.4811061/0.8421949/0.06150699/-0.4546448/0.8236004/0.3390875/0.002270818/-0.8567693/-0.3003652/-0.419198/-0.6910707/0/0/0/1
172#1.911111#-0.247324/-0.4741339/0.8450022/0.05023921/-0.4486564/0.8290092/0.3338433/-0.004964709/-0.8588009/-0.296548/-0.4177572/-0.688789/0/0/0/1
173#1.922222#-0.2499726/-0.4706427/0.8461736/0.05119252/-0.4401741/0.8336288/0.3336314/-0.006151795/-0.8624159/-0.2890649/-0.4155491/-0.6898681/0/0/0/1
174#1.933333#-0.2539386/-0.4664414/0.8473179/0.04696107/-0.430678/0.8389249/0.3327484/-0.009163022/-0.8660439/-0.2804234/-0.4139214/-0.6892635/0/0/0/1
175#1.944445#-0.2613341/-0.4614871/0.847782/0.04773426/-0.4184289/0.8456525/0.3313445/-0.01038992/-0.8698401/-0.2681448/-0.4140973/-0.6901673/0/0/0/1
176#1.955556#-0.2708614/-0.4556257/0.8479623/0.04508007/-0.4054709/0.8529346/0.3287796/-0.0130955/-0.8730567/-0.2547702/-0.4157702/-0.6901764/0/0/0/1
177#1.966667#-0.2811541/-0.4486626/0.8483246/0.04582977/-0.3930155/0.8602833/0.3247333/-0.01465476/-0.8754953/-0.2421045/-0.4182034/-0.6910955/0/0/0/1
178#1.977778#-0.292366/-0.4408897/0.8486096/0.04459953/-0.3836355/0.8669211/0.3182319/-0.01719272/-0.8759828/-0.2325166/-0.4225993/-0.6914915/0/0/0/1
179#1.988889#-0.306616/-0.4273992/0.8504806/0.04537117/-0.3733774/0.8759095/0.3055682/-0.01927876/-0.8755437/-0.223858/-0.4281491/-0.6925901/0/0/0/1
180#2#-0.3202001/-0.4108726/0.8536132/0.04745674/-0.3628773/0.885525/0.2901132/-0.02096033/-0.8750953/-0.2168627/-0.4326415/-0.6942931/0/0/0/1
181#2.011111#-0.3334647/-0.3997459/0.8538181/0.05283237/-0.3559752/0.8920016/0.2785947/-0.02118218/-0.8729742/-0.2110364/-0.4397507/-0.6968206/0/0/0/1
182#2.022222#-0.346307/-0.3891827/0.8535863/0.05348873/-0.3499735/0.8977977/0.2673537/-0.02372789/-0.8703969/-0.2061459/-0.4471173/-0.6980697/0/0/0/1
183#2.033333#-0.3589367/-0.3785146/0.8531654/0.05399179/-0.3409159/0.9040892/0.2576801/-0.02615285/-0.8688733/-0.1983669/-0.4535524/-0.6991442/0/0/0/1
184#2.044445#-0.3727838/-0.3646249/0.853277/0.05457175/-0.332011/0.9110955/0.2442818/-0.02889848/-0.8664881/-0.1922329/-0.4607011/-0.7001792/0/0/0/1
185#2.055556#-0.3842889/-0.3505449/0.8540732/0.0548538/-0.3252746/0.9171978/0.2300972/-0.03181577/-0.8640136/-0.1893844/-0.4664922/-0.7011911/0/0/0/1
186#2.066667#-0.3950833/-0.3361174/0.8549473/0.05541074/-0.3210495/0.9224953/0.2143123/-0.03501141/-0.860719/-0.1898091/-0.4723728/-0.7022263/0/0/0/1
187#2.077778#-0.3997535/-0.326456/0.8565181/0.05583405/-0.3291655/0.9232256/0.1982532/-0.03866518/-0.8554805/-0.2026838/-0.4765209/-0.7033087/0/0/0/1
188#2.088889#-0.4027369/-0.3208144/0.8572526/0.05613863/-0.3397486/0.9220515/0.185451/-0.0420475/-0.8499262/-0.2165623/-0.4803404/-0.7041646/0/0/0/1
189#2.1#-0.3990747/-0.3212838/0.8587878/0.05618882/-0.3659509/0.9145824/0.1721017/-0.0457989/-0.8407257/-0.2455927/-0.4825608/-0.7051595/0/0/0/1
190#2.111111#-0.3949232/-0.3204404/0.8610195/0.05711627/-0.396299/0.9049403/0.1550163/-0.04957283/-0.8288447/-0.2800014/-0.4843722/-0.706328/0/0/0/1
191#2.122222#-0.3883917/-0.3195852/0.8643016/0.05733132/-0.4322143/0.8915428/0.1354337/-0.05382109/-0.8138446/-0.3209622/-0.4843969/-0.7072173/0/0/0/1
192#2.133333#-0.384603/-0.3179429/0.8665984/0.0574733/-0.4621989/0.8789764/0.1173568/-0.05766678/-0.7990323/-0.3554051/-0.4850099/-0.7079273/0/0/0/1
193#2.144444#-0.3789737/-0.3150353/0.8701337/0.05752587/-0.4960443/0.8629314/0.09638337/-0.06113458/-0.78123/-0.3950978/-0.4832998/-0.7085348/0/0/0/1
194#2.155556#-0.3790036/-0.2979084/0.8761321/0.058146/-0.5149272/0.8545471/0.06781796/-0.06515658/-0.7688994/-0.4254408/-0.4772778/-0.7089926/0/0/0/1
195#2.166667#-0.3790426/-0.2823573/0.88125/0.05919075/-0.4991727/0.8642663/0.06221184/-0.06719816/-0.7792004/-0.4163149/-0.468539/-0.7085928/0/0/0/1
196#2.177778#-0.3804917/-0.2709446/0.8842036/0.05973458/-0.4583736/0.8856616/0.07414362/-0.06655002/-0.8031939/-0.3770843/-0.4611807/-0.7071282/0/0/0/1
197#2.188889#-0.3838183/-0.2487292/0.8892794/0.05988371/-0.426131/0.902073/0.06838687/-0.06714392/-0.8192046/-0.3527012/-0.4522234/-0.7061602/0/0/0/1
198#2.2#-0.3813043/-0.2125641/0.8996797/0.06098557/-0.3838941/0.9217334/0.05507182/-0.06742299/-0.8409711/-0.3243826/-0.433063/-0.7044228/0/0/0/1
199#2.211111#-0.3723787/-0.1803332/0.910392/0.06271935/-0.3510588/0.9354245/0.04169769/-0.0683583/-0.8591226/-0.3040739/-0.4116396/-0.7026409/0/0/0/1
200#2.222222#-0.3552896/-0.1495786/0.9227106/0.06403935/-0.3131843/0.9491096/0.03326636/-0.06944335/-0.8807294/-0.2771594/-0.3840543/-0.6997195/0/0/0/1
201#2.233333#-0.3434677/-0.1229976/0.9310759/0.06597304/-0.277104/0.9605233/0.02466593/-0.0705446/-0.8973539/-0.2495328/-0.3639918/-0.6971792/0/0/0/1
202#2.244445#-0.3303526/-0.09929758/0.93862/0.06699002/-0.2424352/0.9700135/0.01729234/-0.07220817/-0.9121912/-0.2218419/-0.3445198/-0.6946543/0/0/0/1
203#2.255556#-0.3171992/-0.08052352/0.9449344/0.06805182/-0.2147082/0.9766145/0.01114911/-0.0743432/-0.9237343/-0.1993486/-0.3270705/-0.692259/0/0/0/1
204#2.266667#-0.3038622/-0.0659562/0.9504303/0.06878948/-0.1929024/0.9811971/0.006418438/-0.07651436/-0.9329827/-0.1813899/-0.3108719/-0.6902026/0/0/0/1
205#2.277778#-0.2988727/-0.06264296/0.9522349/0.06988823/-0.1890324/0.9819567/0.005267673/-0.07792521/-0.9353834/-0.1784288/-0.3053217/-0.6890484/0/0/0/1
206#2.288889#-0.2912195/-0.05041891/0.9553271/0.07172632/-0.1707535/0.9853138/-5.051495E-05/-0.07855213/-0.9412944/-0.16314/-0.2955518/-0.6878802/0/0/0/1
207#2.3#-0.2863705/-0.03850665/0.9573449/0.07230437/-0.1526788/0.9882581/-0.00592076/-0.079862/-0.945876/-0.1478618/-0.288887/-0.6868941/0/0/0/1
208#2.311111#-0.2808428/-0.02829939/0.9593371/0.07256401/-0.1347163/0.9908316/-0.01020928/-0.08066058/-0.9502526/-0.1321054/-0.2820803/-0.6854726/0/0/0/1
209#2.322222#-0.2775557/-0.02325106/0.9604285/0.07283771/-0.1246913/0.9921228/-0.01201635/-0.08141565/-0.9525838/-0.1230922/-0.2782685/-0.6847786/0/0/0/1
210#2.333333#-0.2736119/-0.0203454/0.961625/0.07289791/-0.117963/0.9929388/-0.01255618/-0.08203578/-0.9545791/-0.1168717/-0.2740798/-0.6840848/0/0/0/1
211#2.344445#-0.2707063/-0.02212531/0.9624081/0.07291687/-0.1191213/0.9928222/-0.01068189/-0.08220005/-0.955264/-0.1175348/-0.2713987/-0.683822/0/0/0/1
212#2.355556#-0.2686162/-0.02332792/0.962965/0.07408214/-0.1214825/0.9925447/-0.009842676/-0.08225095/-0.9555562/-0.1196273/-0.2694475/-0.6839072/0/0/0/1
213#2.366667#-0.26642/-0.02613086/0.9635029/0.07403278/-0.1250607/0.9921194/-0.007673808/-0.08238375/-0.9557093/-0.1225408/-0.2675884/-0.6838173/0/0/0/1
214#2.377778#-0.2668439/-0.03029015/0.9632642/0.0742749/-0.1311512/0.991349/-0.005158247/-0.08224905/-0.9547746/-0.1277096/-0.268508/-0.6839617/0/0/0/1
215#2.388889#-0.2668871/-0.03333501/0.9631515/0.07441592/-0.1350873/0.9908288/-0.003139429/-0.08213031/-0.9542135/-0.1309474/-0.2689425/-0.6841475/0/0/0/1
216#2.4#-0.2680107/-0.03832698/0.962653/0.07410157/-0.1406419/0.9900605/0.0002622976/-0.08213019/-0.9530948/-0.1353191/-0.2707371/-0.6844581/0/0/0/1
217#2.411111#-0.2692123/-0.04303666/0.9621188/0.07405305/-0.1441294/0.989551/0.003934622/-0.08186543/-0.9522352/-0.1376103/-0.2726021/-0.6849672/0/0/0/1
218#2.422222#-0.270932/-0.0477616/0.9614129/0.07368231/-0.1474003/0.9890478/0.007596157/-0.08186197/-0.951246/-0.1396545/-0.2750046/-0.6852511/0/0/0/1
219#2.433333#-0.272515/-0.05203226/0.9607436/0.07300651/-0.1504138/0.9885632/0.01087406/-0.08196414/-0.9503219/-0.1415458/-0.2772247/-0.6854364/0/0/0/1
220#2.444444#-0.2736041/-0.05644038/0.9601856/0.07260978/-0.1531309/0.9881003/0.01444676/-0.08200121/-0.9495749/-0.1430813/-0.2789911/-0.6855501/0/0/0/1
221#2.455556#-0.2741147/-0.06093999/0.9597648/0.07246745/-0.1558337/0.9876155/0.01820138/-0.08174396/-0.9489879/-0.1445743/-0.2802165/-0.6857368/0/0/0/1
222#2.466667#-0.2738484/-0.06525125/0.9595568/0.07208824/-0.1585496/0.9871086/0.02187625/-0.08178735/-0.9486141/-0.1461466/-0.2806637/-0.685644/0/0/0/1
223#2.477778#-0.2731018/-0.06947691/0.959473/0.07162499/-0.1616409/0.986522/0.02542654/-0.08147335/-0.9483079/-0.1481461/-0.2806512/-0.6855952/0/0/0/1
224#2.488889#-0.2725272/-0.073072/0.9593697/0.0719775/-0.1650977/0.9858742/0.02819169/-0.08115649/-0.9478779/-0.1507067/-0.2807415/-0.6858588/0/0/0/1
225#2.5#-0.2712409/-0.07652192/0.9594652/0.07172513/-0.1684759/0.9852198/0.03094788/-0.08118832/-0.9476525/-0.1532523/-0.280124/-0.685623/0/0/0/1
226#2.511111#-0.2701837/-0.07907692/0.9595565/0.07241809/-0.1720407/0.9845471/0.03269475/-0.08089614/-0.9473142/-0.156249/-0.279613/-0.6857272/0/0/0/1
227#2.522222#-0.2690973/-0.08209636/0.9596075/0.07228971/-0.1755801/0.9838451/0.034933/-0.08091855/-0.9469732/-0.1590876/-0.2791645/-0.6855558/0/0/0/1
228#2.533333#-0.268281/-0.08515864/0.9595693/0.07216692/-0.1790344/0.9831394/0.03719512/-0.08049822/-0.946558/-0.1618172/-0.279004/-0.6854271/0/0/0/1
229#2.544445#-0.2672249/-0.08789653/0.9596175/0.07209074/-0.1819517/0.9825208/0.0393263/-0.08042204/-0.9463006/-0.164095/-0.278547/-0.6852845/0/0/0/1
230#2.555556#-0.2661879/-0.09046081/0.9596668/0.07179236/-0.1847273/0.9819208/0.04131972/-0.08034456/-0.9460547/-0.1662779/-0.278086/-0.6849865/0/0/0/1
231#2.566667#-0.265428/-0.09160657/0.959769/0.07274008/-0.1870258/0.9814587/0.04195407/-0.07999921/-0.9458171/-0.1683657/-0.2776394/-0.6852785/0/0/0/1
232#2.577778#-0.2642689/-0.0929411/0.9599605/0.07279682/-0.1888647/0.9810615/0.04299125/-0.08001769/-0.9457759/-0.1699414/-0.2768174/-0.6851608/0/0/0/1
233#2.588889#-0.2627685/-0.09452887/0.9602177/0.07288361/-0.1917239/0.9804596/0.04405545/-0.08000541/-0.9456192/-0.1725202/-0.2757573/-0.6851827/0/0/0/1
234#2.6#-0.2609765/-0.09569547/0.9605906/0.07295096/-0.1940306/0.9799668/0.04491095/-0.08013034/-0.9456446/-0.1746632/-0.2743163/-0.6850542/0/0/0/1
235#2.611111#-0.259199/-0.0958412/0.9610571/0.07389832/-0.1948535/0.9797923/0.04515722/-0.07973623/-0.9459641/-0.1755606/-0.2726362/-0.6851107/0/0/0/1
236#2.622222#-0.2563986/-0.09506798/0.9618847/0.07398319/-0.1939029/0.9799803/0.04517003/-0.07979858/-0.9469223/-0.1749306/-0.2696995/-0.6850148/0/0/0/1
237#2.633333#-0.2538927/-0.09434692/0.9626205/0.07371426/-0.1925587/0.9802399/0.04528625/-0.08014083/-0.9478717/-0.1738629/-0.2670431/-0.6845802/0/0/0/1
238#2.644444#-0.2530311/-0.09490131/0.9627922/0.07371378/-0.1932149/0.9800856/0.04582712/-0.08030486/-0.9479678/-0.1744302/-0.2663284/-0.6845363/0/0/0/1
239#2.655556#-0.2522283/-0.09535749/0.9629582/0.0736326/-0.1935591/0.9799933/0.04634539/-0.080374/-0.9481119/-0.1746996/-0.2656394/-0.6846577/0/0/0/1
240#2.666667#-0.2512551/-0.09500905/0.9632471/0.07406008/-0.1930703/0.9800914/0.04630978/-0.08054924/-0.9484701/-0.1743387/-0.2645964/-0.6847879/0/0/0/1
241#2.677778#-0.2507012/-0.09526457/0.9633663/0.07398725/-0.1932501/0.9800412/0.04662327/-0.0807122/-0.9485802/-0.1744819/-0.2641073/-0.6849014/0/0/0/1
242#2.688889#-0.2500482/-0.09549473/0.963513/0.07428122/-0.1937843/0.9799258/0.04683113/-0.08054411/-0.9486432/-0.1750036/-0.263534/-0.6851882/0/0/0/1
243#2.7#-0.2496163/-0.09629992/0.9635448/0.07411921/-0.1948393/0.9796873/0.04743816/-0.08058524/-0.9485408/-0.175895/-0.2633091/-0.6853935/0/0/0/1
244#2.711111#-0.2490927/-0.09689221/0.9636208/0.07452595/-0.1961375/0.9794117/0.04777911/-0.08029675/-0.9484107/-0.1771007/-0.2629686/-0.6858298/0/0/0/1
245#2.722222#-0.2485797/-0.09848046/0.9635925/0.07432353/-0.1982456/0.9789315/0.04890642/-0.08019853/-0.9481072/-0.1788707/-0.2628658/-0.6860987/0/0/0/1
246#2.733333#-0.248118/-0.100467/0.9635059/0.07415831/-0.2009901/0.9783035/0.05025178/-0.08012557/-0.94765/-0.1811868/-0.2629276/-0.6863371/0/0/0/1
247#2.744445#-0.2476841/-0.1027193/0.9633806/0.07394969/-0.2040147/0.9775972/0.05178329/-0.07998312/-0.9471176/-0.1837178/-0.2630915/-0.6866478/0/0/0/1
248#2.755556#-0.2474018/-0.1054267/0.9631602/0.0736748/-0.2078902/0.9766876/0.05350775/-0.07978261/-0.9463477/-0.1869937/-0.2635515/-0.6870638/0/0/0/1
249#2.766667#-0.2474134/-0.1083599/0.9628316/0.07341433/-0.2119453/0.975713/0.05534718/-0.07959783/-0.9454446/-0.190374/-0.2643709/-0.6874973/0/0/0/1
250#2.777778#-0.2472579/-0.1112904/0.9625373/0.07320738/-0.2163241/0.9746492/0.05712112/-0.07945943/-0.9444932/-0.1940964/-0.2650645/-0.6879064/0/0/0/1
251#2.788889#-0.2471761/-0.1138043/0.9622642/0.0729152/-0.2201534/0.973703/0.05860649/-0.07935894/-0.9436292/-0.1973596/-0.2657306/-0.688434/0/0/0/1
252#2.8#-0.2468762/-0.1162432/0.9620497/0.07277715/-0.2236695/0.9728075/0.06014618/-0.07927871/-0.9428807/-0.2003325/-0.2661631/-0.688799/0/0/0/1
253#2.811111#-0.246881/-0.1184074/0.9617848/0.0723213/-0.2270089/0.971956/0.06138861/-0.07933629/-0.9420812/-0.203178/-0.2668371/-0.6893281/0/0/0/1
254#2.822222#-0.2462201/-0.1200967/0.9617444/0.07223725/-0.2296838/0.9712576/0.06248237/-0.07932305/-0.9416054/-0.2055127/-0.2667273/-0.6896263/0/0/0/1
255#2.833333#-0.2455453/-0.1218466/0.9616971/0.07218838/-0.2321838/0.9705846/0.06369029/-0.0792309/-0.9411689/-0.2076516/-0.2666133/-0.6899563/0/0/0/1
256#2.844445#-0.2445354/-0.12326/0.9617746/0.07219696/-0.2342802/0.9700105/0.06474886/-0.0792346/-0.9409123/-0.2094912/-0.2660794/-0.690163/0/0/0/1
257#2.855556#-0.2433597/-0.1242821/0.9619408/0.07256866/-0.2362723/0.9694781/0.06548177/-0.07881558/-0.9407188/-0.2113443/-0.2652962/-0.690533/0/0/0/1
258#2.866667#-0.2421626/-0.1255876/0.9620732/0.07264733/-0.2382755/0.9689179/0.06650503/-0.07881987/-0.9405223/-0.2131335/-0.2645601/-0.6907333/0/0/0/1
259#2.877778#-0.2410002/-0.1267287/0.9622155/0.07234645/-0.2400882/0.9684077/0.0674108/-0.07893705/-0.9403598/-0.2147706/-0.2638124/-0.6908809/0/0/0/1
260#2.888889#-0.2398846/-0.1278191/0.9623502/0.07236409/-0.2423965/0.9677831/0.06811864/-0.07907605/-0.940053/-0.2169296/-0.2631392/-0.6911601/0/0/0/1
261#2.9#-0.2389473/-0.1281257/0.962542/0.07244754/-0.2432672/0.9675444/0.06840132/-0.07914102/-0.9400662/-0.2178108/-0.2623608/-0.6912478/0/0/0/1
262#2.911111#-0.237892/-0.1287536/0.9627198/0.07217407/-0.2445233/0.9671903/0.06892873/-0.07937539/-0.940008/-0.2190099/-0.26157/-0.6912814/0/0/0/1
263#2.922222#-0.2367395/-0.1288429/0.9629925/0.07227206/-0.2449736/0.9670597/0.06916349/-0.07944608/-0.9401823/-0.2195339/-0.2605044/-0.6913356/0/0/0/1
264#2.933333#-0.2357137/-0.1291543/0.9632021/0.07234561/-0.2454829/0.9669008/0.06957602/-0.07948256/-0.940307/-0.2200495/-0.259617/-0.691444/0/0/0/1
265#2.944444#-0.2345117/-0.1292931/0.9634772/0.07243478/-0.2453381/0.9669043/0.07003745/-0.07954192/-0.9406456/-0.2199529/-0.2584708/-0.6914784/0/0/0/1
266#2.955556#-0.2337918/-0.1296405/0.9636056/0.07256293/-0.2453691/0.9668595/0.07054645/-0.07959867/-0.9408168/-0.2199458/-0.2578536/-0.6916822/0/0/0/1
