0#0#0.9742848/-0.07040578/0.2140373/-0.4852715/0.006279032/0.9580423/0.2865583/1.662728/-0.2252321/-0.2778454/0.9338482/1.086801/0/0/0/1
1#0.01111111#0.9742848/-0.07040578/0.2140373/-0.4852715/0.006279032/0.9580423/0.2865583/1.662728/-0.2252321/-0.2778454/0.9338482/1.086801/0/0/0/1
2#0.02222222#0.9749621/-0.06295273/0.213275/-0.4853697/-0.001134632/0.9576706/0.287864/1.66305/-0.2223691/-0.2808985/0.9336209/1.08281/0/0/0/1
3#0.03333334#0.9749621/-0.06295273/0.213275/-0.4853697/-0.001134632/0.9576706/0.287864/1.66305/-0.2223691/-0.2808985/0.9336209/1.08281/0/0/0/1
4#0.04444445#0.9749621/-0.06295273/0.213275/-0.4853697/-0.001134632/0.9576706/0.287864/1.66305/-0.2223691/-0.2808985/0.9336209/1.08281/0/0/0/1
5#0.05555556#0.9749621/-0.06295273/0.213275/-0.4853697/-0.001134632/0.9576706/0.287864/1.66305/-0.2223691/-0.2808985/0.9336209/1.08281/0/0/0/1
6#0.06666667#0.9749621/-0.06295273/0.213275/-0.4853697/-0.001134632/0.9576706/0.287864/1.66305/-0.2223691/-0.2808985/0.9336209/1.08281/0/0/0/1
7#0.07777778#0.9749621/-0.06295273/0.213275/-0.4853697/-0.001134632/0.9576706/0.287864/1.66305/-0.2223691/-0.2808985/0.9336209/1.08281/0/0/0/1
8#0.08888889#0.9749621/-0.06295273/0.213275/-0.4853697/-0.001134632/0.9576706/0.287864/1.66305/-0.2223691/-0.2808985/0.9336209/1.08281/0/0/0/1
9#0.1#0.9749621/-0.06295273/0.213275/-0.4853697/-0.001134632/0.9576706/0.287864/1.66305/-0.2223691/-0.2808985/0.9336209/1.08281/0/0/0/1
10#0.1111111#0.9749621/-0.06295273/0.213275/-0.4853697/-0.001134632/0.9576706/0.287864/1.66305/-0.2223691/-0.2808985/0.9336209/1.08281/0/0/0/1
11#0.1222222#0.9749621/-0.06295273/0.213275/-0.4853697/-0.001134632/0.9576706/0.287864/1.66305/-0.2223691/-0.2808985/0.9336209/1.08281/0/0/0/1
12#0.1333333#0.9749621/-0.06295273/0.213275/-0.4853697/-0.001134632/0.9576706/0.287864/1.66305/-0.2223691/-0.2808985/0.9336209/1.08281/0/0/0/1
13#0.1444445#0.9749621/-0.06295273/0.213275/-0.4853697/-0.001134632/0.9576706/0.287864/1.66305/-0.2223691/-0.2808985/0.9336209/1.08281/0/0/0/1
14#0.1555556#0.9749621/-0.06295273/0.213275/-0.4853697/-0.001134632/0.9576706/0.287864/1.66305/-0.2223691/-0.2808985/0.9336209/1.08281/0/0/0/1
15#0.1666667#0.9749621/-0.06295273/0.213275/-0.4853697/-0.001134632/0.9576706/0.287864/1.66305/-0.2223691/-0.2808985/0.9336209/1.08281/0/0/0/1
16#0.1777778#0.9749621/-0.06295273/0.213275/-0.4853697/-0.001134632/0.9576706/0.287864/1.66305/-0.2223691/-0.2808985/0.9336209/1.08281/0/0/0/1
17#0.1888889#0.9749621/-0.06295273/0.213275/-0.4853697/-0.001134632/0.9576706/0.287864/1.66305/-0.2223691/-0.2808985/0.9336209/1.08281/0/0/0/1
18#0.2#0.9749621/-0.06295273/0.213275/-0.4853697/-0.001134632/0.9576706/0.287864/1.66305/-0.2223691/-0.2808985/0.9336209/1.08281/0/0/0/1
19#0.2111111#0.9749621/-0.06295273/0.213275/-0.4853697/-0.001134632/0.9576706/0.287864/1.66305/-0.2223691/-0.2808985/0.9336209/1.08281/0/0/0/1
20#0.2222222#0.9749621/-0.06295273/0.213275/-0.4853697/-0.001134632/0.9576706/0.287864/1.66305/-0.2223691/-0.2808985/0.9336209/1.08281/0/0/0/1
21#0.2333333#0.9749621/-0.06295273/0.213275/-0.4853697/-0.001134632/0.9576706/0.287864/1.66305/-0.2223691/-0.2808985/0.9336209/1.08281/0/0/0/1
22#0.2444444#0.9749621/-0.06295273/0.213275/-0.4853697/-0.001134632/0.9576706/0.287864/1.66305/-0.2223691/-0.2808985/0.9336209/1.08281/0/0/0/1
23#0.2555556#0.9749621/-0.06295273/0.213275/-0.4853697/-0.001134632/0.9576706/0.287864/1.66305/-0.2223691/-0.2808985/0.9336209/1.08281/0/0/0/1
24#0.2666667#0.9749621/-0.06295273/0.213275/-0.4853697/-0.001134632/0.9576706/0.287864/1.66305/-0.2223691/-0.2808985/0.9336209/1.08281/0/0/0/1
25#0.2777778#0.9749621/-0.06295273/0.213275/-0.4853697/-0.001134632/0.9576706/0.287864/1.66305/-0.2223691/-0.2808985/0.9336209/1.08281/0/0/0/1
26#0.2888889#0.9749621/-0.06295273/0.213275/-0.4853697/-0.001134632/0.9576706/0.287864/1.66305/-0.2223691/-0.2808985/0.9336209/1.08281/0/0/0/1
27#0.3#0.9749621/-0.06295273/0.213275/-0.4853697/-0.001134632/0.9576706/0.287864/1.66305/-0.2223691/-0.2808985/0.9336209/1.08281/0/0/0/1
28#0.3111111#0.9749621/-0.06295273/0.213275/-0.4853697/-0.001134632/0.9576706/0.287864/1.66305/-0.2223691/-0.2808985/0.9336209/1.08281/0/0/0/1
29#0.3222222#0.9749621/-0.06295273/0.213275/-0.4853697/-0.001134632/0.9576706/0.287864/1.66305/-0.2223691/-0.2808985/0.9336209/1.08281/0/0/0/1
30#0.3333333#0.9749621/-0.06295273/0.213275/-0.4853697/-0.001134632/0.9576706/0.287864/1.66305/-0.2223691/-0.2808985/0.9336209/1.08281/0/0/0/1
31#0.3444445#0.9749621/-0.06295273/0.213275/-0.4853697/-0.001134632/0.9576706/0.287864/1.66305/-0.2223691/-0.2808985/0.9336209/1.08281/0/0/0/1
32#0.3555556#0.9873394/0.0232575/-0.1569074/-0.506987/0.07953142/0.7832859/0.6165533/1.698595/0.1372429/-0.6212264/0.7715194/0.7817055/0/0/0/1
33#0.3666667#0.9873394/0.0232575/-0.1569074/-0.506987/0.07953142/0.7832859/0.6165533/1.698595/0.1372429/-0.6212264/0.7715194/0.7817055/0/0/0/1
34#0.3777778#0.9873394/0.0232575/-0.1569074/-0.506987/0.07953142/0.7832859/0.6165533/1.698595/0.1372429/-0.6212264/0.7715194/0.7817055/0/0/0/1
35#0.3888889#0.9836406/0.06533949/-0.1678742/-0.502515/0.04180381/0.8236673/0.5655302/1.695383/0.1752239/-0.5632963/0.8074611/0.8073871/0/0/0/1
36#0.4#0.9835584/0.06766046/-0.1674363/-0.5023699/0.03952014/0.8240453/0.5651441/1.695435/0.176213/-0.5624693/0.8078227/0.8081063/0/0/0/1
37#0.4111111#0.9836148/0.0698262/-0.1662109/-0.5022866/0.03697546/0.8242123/0.5650724/1.695387/0.17645/-0.5619594/0.8081256/0.8087609/0/0/0/1
38#0.4222222#0.9836802/0.07226841/-0.1647738/-0.5021737/0.03425071/0.8238319/0.5657986/1.695343/0.1766353/-0.5622085/0.8079119/0.8093709/0/0/0/1
39#0.4333333#0.9836969/0.07515333/-0.163378/-0.5021355/0.03124299/0.8232566/0.5668091/1.695199/0.1770996/-0.5626727/0.8074871/0.8099179/0/0/0/1
40#0.4444444#0.9836856/0.07826599/-0.161979/-0.5021584/0.02812871/0.8224095/0.5682002/1.694946/0.1776838/-0.5634865/0.8067909/0.810308/0/0/0/1
41#0.4555556#0.983649/0.08114842/-0.160778/-0.5021527/0.02526875/0.8217171/0.5693354/1.694778/0.1783147/-0.5640889/0.8062305/0.8107259/0/0/0/1
42#0.4666667#0.983631/0.08399119/-0.159423/-0.5023605/0.02242636/0.8207855/0.5707963/1.694399/0.1787939/-0.5650281/0.8054665/0.8110478/0/0/0/1
43#0.4777778#0.983631/0.08399119/-0.159423/-0.5023605/0.02242636/0.8207855/0.5707963/1.694399/0.1787939/-0.5650281/0.8054665/0.8110478/0/0/0/1
44#0.4888889#0.983631/0.08399119/-0.159423/-0.5023605/0.02242636/0.8207855/0.5707963/1.694399/0.1787939/-0.5650281/0.8054665/0.8110478/0/0/0/1
45#0.5#0.983631/0.08399119/-0.159423/-0.5023605/0.02242636/0.8207855/0.5707963/1.694399/0.1787939/-0.5650281/0.8054665/0.8110478/0/0/0/1
46#0.5111111#0.983631/0.08399119/-0.159423/-0.5023605/0.02242636/0.8207855/0.5707963/1.694399/0.1787939/-0.5650281/0.8054665/0.8110478/0/0/0/1
47#0.5222222#0.983631/0.08399119/-0.159423/-0.5023605/0.02242636/0.8207855/0.5707963/1.694399/0.1787939/-0.5650281/0.8054665/0.8110478/0/0/0/1
48#0.5333334#0.983631/0.08399119/-0.159423/-0.5023605/0.02242636/0.8207855/0.5707963/1.694399/0.1787939/-0.5650281/0.8054665/0.8110478/0/0/0/1
49#0.5444444#0.983631/0.08399119/-0.159423/-0.5023605/0.02242636/0.8207855/0.5707963/1.694399/0.1787939/-0.5650281/0.8054665/0.8110478/0/0/0/1
50#0.5555556#0.983631/0.08399119/-0.159423/-0.5023605/0.02242636/0.8207855/0.5707963/1.694399/0.1787939/-0.5650281/0.8054665/0.8110478/0/0/0/1
51#0.5666667#0.983631/0.08399119/-0.159423/-0.5023605/0.02242636/0.8207855/0.5707963/1.694399/0.1787939/-0.5650281/0.8054665/0.8110478/0/0/0/1
52#0.5777778#0.983631/0.08399119/-0.159423/-0.5023605/0.02242636/0.8207855/0.5707963/1.694399/0.1787939/-0.5650281/0.8054665/0.8110478/0/0/0/1
53#0.5888889#0.983631/0.08399119/-0.159423/-0.5023605/0.02242636/0.8207855/0.5707963/1.694399/0.1787939/-0.5650281/0.8054665/0.8110478/0/0/0/1
54#0.6#0.983631/0.08399119/-0.159423/-0.5023605/0.02242636/0.8207855/0.5707963/1.694399/0.1787939/-0.5650281/0.8054665/0.8110478/0/0/0/1
55#0.6111111#0.983631/0.08399119/-0.159423/-0.5023605/0.02242636/0.8207855/0.5707963/1.694399/0.1787939/-0.5650281/0.8054665/0.8110478/0/0/0/1
56#0.6222222#0.983631/0.08399119/-0.159423/-0.5023605/0.02242636/0.8207855/0.5707963/1.694399/0.1787939/-0.5650281/0.8054665/0.8110478/0/0/0/1
57#0.6333333#0.9848784/0.07464326/-0.1563422/-0.5069683/0.02662083/0.8265046/0.5623004/1.685907/0.1711894/-0.5579596/0.8120193/0.8137852/0/0/0/1
58#0.6444445#0.9848838/0.06498646/-0.1605637/-0.5074859/0.03585355/0.8303971/0.5560172/1.683765/0.1694652/-0.5533691/0.8155147/0.8139737/0/0/0/1
59#0.6555555#0.9849271/0.06038366/-0.1620879/-0.5077305/0.03986815/0.8326029/0.5524337/1.682816/0.1683128/-0.5505691/0.8176456/0.8140372/0/0/0/1
60#0.6666667#0.9849751/0.05656383/-0.16317/-0.5079876/0.04284957/0.835246/0.5482043/1.681807/0.1672956/-0.5469594/0.8202729/0.8141187/0/0/0/1
61#0.6777778#0.9850366/0.05248585/-0.1641587/-0.5082148/0.04597053/0.8379747/0.5437697/1.680782/0.166101/-0.5431795/0.823023/0.8140661/0/0/0/1
62#0.6888889#0.9849841/0.04858006/-0.1656692/-0.5083708/0.04906861/0.8412468/0.5384201/1.679762/0.1655251/-0.5384645/0.8262309/0.8139933/0/0/0/1
63#0.7#0.9849821/0.04374198/-0.1670237/-0.5084039/0.05292562/0.844311/0.5332334/1.678736/0.1643447/-0.5340651/0.8293161/0.8137532/0/0/0/1
64#0.7111111#0.9849333/0.03848339/-0.1685982/-0.5083522/0.05735406/0.8470552/0.5284014/1.677768/0.1631466/-0.5301099/0.8320857/0.8136041/0/0/0/1
65#0.7222223#0.9849309/0.03331107/-0.1697107/-0.5082488/0.06163681/0.8492358/0.5244038/1.676867/0.1615929/-0.5269619/0.8343853/0.8134536/0/0/0/1
66#0.7333333#0.9850268/0.02810182/-0.1700954/-0.5079538/0.06576784/0.8507622/0.5214193/1.676089/0.1593636/-0.5247988/0.8361754/0.8133528/0/0/0/1
67#0.7444445#0.9852843/0.02244032/-0.1694441/-0.5076158/0.06989697/0.8517651/0.5192404/1.675503/0.1559785/-0.523443/0.8376622/0.8132942/0/0/0/1
68#0.7555556#0.9857665/0.01728115/-0.1672296/-0.5071042/0.07292777/0.8522902/0.5179604/1.675017/0.1514791/-0.5227837/0.838899/0.8130553/0/0/0/1
69#0.7666667#0.9862012/0.01299944/-0.1650397/-0.506608/0.07532194/0.8525203/0.5172386/1.674666/0.1474235/-0.5225323/0.8397776/0.8128655/0/0/0/1
70#0.7777778#0.9866033/0.009437595/-0.1628645/-0.5059921/0.0772185/0.8523926/0.5171696/1.674445/0.1437053/-0.5228174/0.8402445/0.8125281/0/0/0/1
71#0.7888889#0.9871084/0.007389851/-0.1598819/-0.5053749/0.07774866/0.8510153/0.5193534/1.674326/0.1398999/-0.5250888/0.8394699/0.8123094/0/0/0/1
72#0.8#0.9876696/0.004579645/-0.1564853/-0.5047385/0.0785116/0.8502955/0.5204167/1.674282/0.1354421/-0.5262857/0.8394515/0.8120148/0/0/0/1
73#0.8111112#0.9883329/0.002082396/-0.1522961/-0.5040334/0.07872016/0.8490178/0.5224672/1.674325/0.1303901/-0.5283602/0.8389481/0.8118174/0/0/0/1
74#0.8222222#0.9889379/-0.000246223/-0.1483299/-0.503114/0.07883835/0.8479257/0.5242198/1.674482/0.1256436/-0.5301149/0.8385653/0.8115823/0/0/0/1
75#0.8333334#0.9896969/-0.002656777/-0.1431531/-0.5021721/0.07839411/0.8466971/0.5262687/1.674725/0.1198091/-0.5320689/0.8381819/0.8114705/0/0/0/1
76#0.8444445#0.9905103/-0.005225975/-0.1373392/-0.5013404/0.0777251/0.8454335/0.5283948/1.675024/0.1133498/-0.5340552/0.8378167/0.8114792/0/0/0/1
77#0.8555556#0.9912596/-0.008191075/-0.131671/-0.5003598/0.07740916/0.8443086/0.5302365/1.675245/0.1068278/-0.5357947/0.837563/0.8113744/0/0/0/1
78#0.8666667#0.9920954/-0.01152314/-0.1249563/-0.4995464/0.0768307/0.8430922/0.5322525/1.675418/0.09921649/-0.5376456/0.8373133/0.8114537/0/0/0/1
79#0.8777778#0.9927766/-0.01517346/-0.119014/-0.4986367/0.07688966/0.841952/0.5340456/1.675507/0.09210078/-0.539339/0.837037/0.8114096/0/0/0/1
80#0.8888889#0.9934288/-0.01819913/-0.1129956/-0.4977504/0.07635552/0.8408393/0.5358723/1.675456/0.08525877/-0.5409788/0.8367036/0.8114476/0/0/0/1
81#0.9#0.9940332/-0.0207247/-0.1070914/-0.4969298/0.07546139/0.8395854/0.5379609/1.675485/0.07876325/-0.5428323/0.8361396/0.8115361/0/0/0/1
82#0.9111111#0.9945616/-0.0224864/-0.1016932/-0.4961938/0.07419633/0.838195/0.5402998/1.675404/0.07308938/-0.5449067/0.8353051/0.8116299/0/0/0/1
83#0.9222223#0.9950486/-0.02426244/-0.09638131/-0.495604/0.07294874/0.8369155/0.5424491/1.675406/0.06750187/-0.5467941/0.8345416/0.8117973/0/0/0/1
84#0.9333333#0.995573/-0.02542238/-0.0904881/-0.4951001/0.07079479/0.8360901/0.5440051/1.67536/0.0618263/-0.548003/0.8341885/0.8119022/0/0/0/1
85#0.9444445#0.9960257/-0.02632161/-0.08508784/-0.4947239/0.06860124/0.8360015/0.544422/1.675347/0.05680349/-0.5480954/0.8344848/0.8120503/0/0/0/1
86#0.9555556#0.9964194/-0.02751191/-0.07994742/-0.4944901/0.06671464/0.8367156/0.5435589/1.675115/0.05193891/-0.5469462/0.8355552/0.8121598/0/0/0/1
87#0.9666667#0.996775/-0.02910715/-0.0747817/-0.4943317/0.06516133/0.8374766/0.5425744/1.67485/0.04683513/-0.5456975/0.8366724/0.812366/0/0/0/1
88#0.9777778#0.9970322/-0.03076693/-0.070571/-0.4942803/0.06418655/0.8383543/0.5413338/1.67451/0.04250833/-0.544257/0.8378409/0.8125606/0/0/0/1
89#0.9888889#0.997227/-0.03251129/-0.06694209/-0.4942954/0.06362387/0.8390695/0.5402912/1.67419/0.03860349/-0.5430522/0.8388112/0.8127826/0/0/0/1
90#1#0.9973722/-0.03381583/-0.06407174/-0.4945548/0.06309858/0.8400168/0.5388787/1.673942/0.03559871/-0.5415054/0.8399432/0.8129519/0/0/0/1
91#1.011111#0.9974949/-0.03434803/-0.06184008/-0.4949164/0.06229694/0.8406942/0.5379148/1.673745/0.03351229/-0.5404198/0.8407279/0.8130559/0/0/0/1
92#1.022222#0.9975206/-0.03465829/-0.06124865/-0.4955049/0.06219438/0.8414152/0.5367984/1.673526/0.03293102/-0.5392767/0.8414847/0.8130519/0/0/0/1
93#1.033333#0.997533/-0.03501382/-0.06084462/-0.4960577/0.06223302/0.8421208/0.5356862/1.673263/0.0324821/-0.5381512/0.8422222/0.8130157/0/0/0/1
94#1.044444#0.9974229/-0.03474233/-0.06277419/-0.496732/0.06298179/0.8430488/0.5341368/1.672976/0.03436455/-0.5367138/0.8430642/0.8127806/0/0/0/1
95#1.055556#0.9973246/-0.03474751/-0.0643133/-0.4974401/0.06373998/0.8441041/0.532377/1.672673/0.03578835/-0.535052/0.8440607/0.8126777/0/0/0/1
96#1.066667#0.997188/-0.03506102/-0.06623265/-0.4981468/0.06496262/0.8450469/0.5307313/1.672379/0.03736171/-0.5335415/0.8449484/0.8126206/0/0/0/1
97#1.077778#0.9969642/-0.03605299/-0.06901097/-0.4989235/0.06718878/0.8462441/0.5285419/1.672196/0.03934461/-0.531574/0.8460976/0.8125905/0/0/0/1
98#1.088889#0.9967743/-0.03451561/-0.07245536/-0.4995418/0.06775987/0.8457251/0.5292995/1.672338/0.04300822/-0.5325018/0.8453356/0.8124808/0/0/0/1
99#1.1#0.9966539/-0.03641929/-0.07317612/-0.5001355/0.06956105/0.8480347/0.5253554/1.672419/0.04292282/-0.5286876/0.8477305/0.8124357/0/0/0/1
100#1.111111#0.9964846/-0.03779467/-0.07476661/-0.5006406/0.07156814/0.8479568/0.525212/1.67249/0.04354863/-0.5287166/0.8476807/0.8123817/0/0/0/1
101#1.122222#0.9962611/-0.03975854/-0.07670081/-0.5008432/0.07424326/0.8479985/0.5247728/1.672468/0.04417797/-0.5285053/0.8477798/0.8122076/0/0/0/1
102#1.133333#0.9961873/-0.04061073/-0.07721192/-0.5010816/0.07527604/0.847477/0.525468/1.672675/0.04409568/-0.5292768/0.8473026/0.8119255/0/0/0/1
103#1.144444#0.996231/-0.04078814/-0.07655144/-0.5012351/0.07519998/0.8459772/0.5278898/1.673055/0.04322913/-0.5316568/0.845856/0.8116068/0/0/0/1
104#1.155556#0.9962465/-0.0403075/-0.07660299/-0.5012288/0.07498173/0.8440152/0.5310519/1.673524/0.04324871/-0.5348025/0.8438696/0.8111727/0/0/0/1
105#1.166667#0.9963316/-0.0389731/-0.07618656/-0.5010111/0.07390001/0.8407609/0.5363394/1.674155/0.04315187/-0.5400021/0.8405567/0.8106565/0/0/0/1
106#1.177778#0.9964569/-0.03816794/-0.07494804/-0.5006646/0.07282186/0.8373832/0.5417438/1.674774/0.04208299/-0.5452819/0.8371958/0.810128/0/0/0/1
107#1.188889#0.996684/-0.037366/-0.07228233/-0.5001894/0.07099941/0.8333188/0.5482142/1.675511/0.03974966/-0.5515283/0.8332086/0.8096724/0/0/0/1
108#1.2#0.9969093/-0.03690037/-0.06935531/-0.4995172/0.06928767/0.8290733/0.5548302/1.676213/0.0370272/-0.5579207/0.8290679/0.8091664/0/0/0/1
109#1.211111#0.9971709/-0.03646193/-0.06573297/-0.4988583/0.06717344/0.8247037/0.5615618/1.676891/0.0337346/-0.5643885/0.8248199/0.8088259/0/0/0/1
110#1.222222#0.9974449/-0.03759312/-0.0607483/-0.4981424/0.06550605/0.8205852/0.5677578/1.67761/0.02850538/-0.5702865/0.8209511/0.8085686/0/0/0/1
111#1.233333#0.9976682/-0.03892543/-0.05606205/-0.4972903/0.06407776/0.8170244/0.5730315/1.678094/0.02349856/-0.5752877/0.8176135/0.8082511/0/0/0/1
112#1.244444#0.9978667/-0.04127306/-0.05058192/-0.4964038/0.06296182/0.813229/0.5785281/1.678456/0.01725706/-0.5804787/0.8140928/0.8081615/0/0/0/1
113#1.255556#0.99808/-0.04321793/-0.04436925/-0.4955858/0.06101313/0.8093889/0.584095/1.678631/0.01066861/-0.5856807/0.8104716/0.8079841/0/0/0/1
114#1.266667#0.9982162/-0.04535746/-0.03882356/-0.4947315/0.05952656/0.8061936/0.5886496/1.678858/0.004599653/-0.5899106/0.8074555/0.8078566/0/0/0/1
115#1.277778#0.9983323/-0.0471189/-0.03335204/-0.4937183/0.05771665/0.8031163/0.5930201/1.679053/-0.001156887/-0.5939561/0.8044966/0.8076335/0/0/0/1
116#1.288889#0.9984382/-0.04894538/-0.02693406/-0.4927566/0.05533493/0.8000494/0.5973765/1.679158/-0.007690245/-0.5979339/0.8015085/0.8074585/0/0/0/1
117#1.3#0.9985216/-0.05040957/-0.02034037/-0.4917016/0.05247841/0.7963906/0.6025014/1.67925/-0.01417296/-0.6026781/0.7978585/0.8073528/0/0/0/1
118#1.311111#0.9986059/-0.05101725/-0.01354511/-0.4906794/0.04876305/0.7933872/0.6067612/1.679452/-0.02020876/-0.6065759/0.7947688/0.807201/0/0/0/1
119#1.322222#0.9986811/-0.05100572/-0.005868069/-0.4896502/0.04395727/0.7903747/0.6110447/1.679713/-0.0265288/-0.6104966/0.7915746/0.8070587/0/0/0/1
120#1.333333#0.9986811/-0.05100572/-0.005868069/-0.4896502/0.04395727/0.7903747/0.6110447/1.679713/-0.0265288/-0.6104966/0.7915746/0.8070587/0/0/0/1
121#1.344445#0.9987306/-0.05030546/0.002561391/-0.4883077/0.03814093/0.7884808/0.6138755/1.679801/-0.0329009/-0.6129987/0.7893986/0.8066581/0/0/0/1
122#1.355556#0.9987408/-0.04911494/0.01022598/-0.4873097/0.03239605/0.7870331/0.6160597/1.67993/-0.03830591/-0.6149528/0.7876331/0.8063648/0/0/0/1
123#1.366667#0.9987195/-0.04771359/0.01682374/-0.4863329/0.02712304/0.7856568/0.6180677/1.680062/-0.04270792/-0.6168197/0.7859449/0.8061055/0/0/0/1
124#1.377778#0.9987115/-0.04589233/0.02166055/-0.4855123/0.02260698/0.7844827/0.6197385/1.680269/-0.04543357/-0.6184503/0.7845093/0.8059424/0/0/0/1
125#1.388889#0.9987308/-0.04366287/0.02510167/-0.4846054/0.01861725/0.7831646/0.6215358/1.680253/-0.04679677/-0.6202797/0.7829837/0.8055868/0/0/0/1
126#1.4#0.9987628/-0.04127789/0.02773447/-0.4836646/0.01501088/0.7819246/0.6231924/1.68028/-0.04741033/-0.6220049/0.7815769/0.805173/0/0/0/1
127#1.411111#0.9988326/-0.03869414/0.02891834/-0.4830314/0.01214377/0.780552/0.6249729/1.680241/-0.04675506/-0.6238923/0.7801105/0.8047451/0/0/0/1
128#1.422222#0.9989246/-0.03597967/0.02924269/-0.4822922/0.009687265/0.778756/0.6272522/1.680073/-0.04534124/-0.6262943/0.7782671/0.8041613/0/0/0/1
129#1.433333#0.9990462/-0.03381785/0.02761994/-0.481729/0.008913943/0.7772062/0.629183/1.679891/-0.042744/-0.6283368/0.7767664/0.8035065/0/0/0/1
130#1.444445#0.9991581/-0.03166169/0.02608901/-0.4810224/0.008073444/0.7752314/0.631626/1.67973/-0.04022335/-0.6308835/0.7748344/0.8027347/0/0/0/1
131#1.455556#0.9992502/-0.03018522/0.02424829/-0.4805107/0.007988062/0.7735177/0.6337243/1.679656/-0.03788559/-0.6330554/0.7731788/0.8021133/0/0/0/1
132#1.466667#0.999323/-0.02864566/0.02308769/-0.4799949/0.007412436/0.7714179/0.6362855/1.67966/-0.03603709/-0.6356836/0.771108/0.8015679/0/0/0/1
133#1.477778#0.9993735/-0.02706435/0.02280616/-0.4795995/0.006240907/0.7690481/0.6391605/1.679809/-0.0348375/-0.6386177/0.7687352/0.8010145/0/0/0/1
134#1.488889#0.9993979/-0.02571245/0.02329562/-0.4791751/0.004768687/0.7668416/0.6418185/1.679984/-0.03436678/-0.6413209/0.7665026/0.8004285/0/0/0/1
135#1.5#0.9994064/-0.02442854/0.02429241/-0.47878/0.003037815/0.7648697/0.644178/1.680167/-0.03431685/-0.6437219/0.7644898/0.7998351/0/0/0/1
136#1.511111#0.9993848/-0.02350677/0.02603019/-0.4785436/0.001102671/0.7628557/0.6465679/1.680328/-0.035056/-0.6461414/0.7624123/0.7993467/0/0/0/1
137#1.522222#0.9993577/-0.02291583/0.02755156/-0.4783167/-0.0004320573/0.7610615/0.6486796/1.680421/-0.03583346/-0.648275/0.7605626/0.7988203/0/0/0/1
138#1.533333#0.9993135/-0.02330135/0.02880092/-0.4782152/-0.001034571/0.7595695/0.6504255/1.680498/-0.03703209/-0.6500089/0.7590238/0.7985164/0/0/0/1
139#1.544444#0.9992654/-0.02443548/0.02952302/-0.477332/-0.0007043369/0.7585207/0.6516485/1.679667/-0.03831717/-0.6511907/0.7579461/0.7978776/0/0/0/1
140#1.555556#0.999198/-0.02613685/0.03033475/-0.4773338/2.991501E-05/0.7580676/0.6521761/1.679616/-0.04004161/-0.6516523/0.7574603/0.7977685/0/0/0/1
141#1.566667#0.9990991/-0.0289779/0.03100509/-0.4774866/0.001786008/0.7586502/0.6514959/1.679545/-0.042401/-0.6508537/0.7580183/0.7977916/0/0/0/1
142#1.577778#0.9989672/-0.0322044/0.03205879/-0.4776667/0.003622657/0.7596985/0.6502655/1.679601/-0.04529643/-0.6494775/0.7590306/0.7977495/0/0/0/1
143#1.588889#0.9987885/-0.03608617/0.03345482/-0.4780968/0.00580604/0.7615364/0.6480961/1.679592/-0.04886437/-0.6471166/0.7608235/0.7979075/0/0/0/1
144#1.6#0.9986062/-0.03976108/0.0347085/-0.4784974/0.007931205/0.7632016/0.6461117/1.679489/-0.05217969/-0.644936/0.7624532/0.7981014/0/0/0/1
145#1.611111#0.998391/-0.04357454/0.03628667/-0.4789412/0.009986745/0.7650352/0.6439111/1.679269/-0.05581871/-0.6425126/0.7642395/0.7982653/0/0/0/1
146#1.622222#0.9982023/-0.046395/0.03794056/-0.4791195/0.01120396/0.7663411/0.642336/1.678848/-0.0588766/-0.6407562/0.7654835/0.7982855/0/0/0/1
147#1.633333#0.997995/-0.04890862/0.04017308/-0.4796134/0.01186344/0.7680234/0.6403118/1.678608/-0.06217064/-0.6385515/0.7670637/0.7984945/0/0/0/1
148#1.644444#0.9977975/-0.05088624/0.04255215/-0.4800128/0.0120311/0.7696823/0.6383139/1.678454/-0.06523302/-0.6363962/0.7685992/0.7986491/0/0/0/1
149#1.655556#0.9976063/-0.05268148/0.04479164/-0.4804959/0.01219632/0.7716486/0.6359324/1.678204/-0.06806524/-0.6338639/0.770444/0.7989175/0/0/0/1
150#1.666667#0.9974357/-0.05414143/0.04680549/-0.4810886/0.01228513/0.7738127/0.6332952/1.677864/-0.0705062/-0.6310964/0.7724935/0.7992074/0/0/0/1
151#1.677778#0.9972914/-0.05487208/0.04897881/-0.4816513/0.0117681/0.7763706/0.6301672/1.67739/-0.07260426/-0.6278841/0.7749134/0.7995204/0/0/0/1
152#1.688889#0.997133/-0.05711277/0.04963775/-0.4824504/0.01339439/0.7788494/0.627068/1.676821/-0.07447392/-0.6246055/0.7773812/0.7998395/0/0/0/1
153#1.7#0.9970483/-0.05904503/0.04907452/-0.4830481/0.01554154/0.781171/0.6241239/1.676143/-0.07518699/-0.6215191/0.7797827/0.8000391/0/0/0/1
154#1.711111#0.9969398/-0.06217073/0.04739092/-0.483867/0.01935851/0.7836848/0.620857/1.675286/-0.07573867/-0.6180396/0.7824901/0.8002521/0/0/0/1
155#1.722222#0.9968367/-0.06512794/0.04555295/-0.4847251/0.02314327/0.7861771/0.6175678/1.674413/-0.0760336/-0.6145599/0.7851974/0.8004367/0/0/0/1
156#1.733333#0.9966956/-0.06879592/0.04318459/-0.4855647/0.0277648/0.7881812/0.6148167/1.673548/-0.07633416/-0.6115861/0.7874869/0.8006302/0/0/0/1
157#1.744444#0.9965876/-0.07209607/0.04018964/-0.4863144/0.03246962/0.790072/0.6121538/1.672734/-0.07588657/-0.6087601/0.7897168/0.8006822/0/0/0/1
158#1.755556#0.9966028/-0.07419347/0.03575113/-0.4867936/0.03707874/0.7918185/0.6096301/1.671926/-0.07353897/-0.6062335/0.7918794/0.8007928/0/0/0/1
159#1.766667#0.9967868/-0.07207093/0.03495169/-0.4872626/0.03603828/0.7932233/0.6078635/1.671528/-0.07153377/-0.6046508/0.793272/0.8008453/0/0/0/1
160#1.777778#0.9968411/-0.07198156/0.03355941/-0.4876543/0.03681247/0.793195/0.607854/1.671189/-0.07037344/-0.6046985/0.7933393/0.800722/0/0/0/1
161#1.788889#0.9971572/-0.06653541/0.03536478/-0.4879094/0.03134219/0.7930618/0.6083342/1.67122/-0.06852223/-0.6054965/0.7928925/0.8004193/0/0/0/1
162#1.8#0.997595/-0.05938872/0.03573961/-0.4879264/0.025307/0.7921069/0.6098576/1.671388/-0.06452825/-0.6074864/0.7917048/0.7999876/0/0/0/1
163#1.811111#0.9981039/-0.04956134/0.0364996/-0.4875928/0.01686839/0.7905445/0.6121723/1.67183/-0.05919463/-0.6103958/0.7898816/0.7992675/0/0/0/1
164#1.822222#0.9985028/-0.03611716/0.04108224/-0.4871949/0.003045125/0.7865688/0.617495/1.672675/-0.05461618/-0.6164453/0.7855012/0.7985032/0/0/0/1
165#1.833333#0.9984276/-0.02919595/0.04785244/-0.487311/-0.0067098/0.7852734/0.6191126/1.672723/-0.05565283/-0.6184602/0.7838428/0.7983099/0/0/0/1
166#1.844445#0.9984451/-0.0278251/0.04830097/-0.4875486/-0.007842024/0.7877689/0.615921/1.672073/-0.05518806/-0.6153421/0.7863259/0.7982674/0/0/0/1
167#1.855556#0.9985952/-0.03269533/0.04169574/-0.4879527/0.0004557948/0.7921909/0.6102732/1.670917/-0.05298406/-0.6093969/0.791093/0.7985165/0/0/0/1
168#1.866667#0.9987032/-0.03709014/0.03487296/-0.4884987/0.008489314/0.7967342/0.60427/1.669723/-0.05019694/-0.6031903/0.7960161/0.7989839/0/0/0/1
169#1.877778#0.9988189/-0.03808119/0.03017798/-0.4885879/0.01225748/0.7984795/0.6018973/1.669192/-0.04701746/-0.6008164/0.7980033/0.7991302/0/0/0/1
170#1.888889#0.9989195/-0.0356429/0.02982352/-0.4884993/0.01072012/0.801132/0.5983915/1.668629/-0.04522099/-0.5974251/0.8006486/0.7989019/0/0/0/1
171#1.9#0.998995/-0.03247007/0.03089515/-0.4883833/0.00752121/0.800993/0.5986263/1.668175/-0.04418423/-0.5977923/0.8004324/0.7988442/0/0/0/1
172#1.911111#0.99898/-0.03098468/0.03284335/-0.4882815/0.005305455/0.8029004/0.5960896/1.667382/-0.04483958/-0.5953072/0.8022461/0.7991321/0/0/0/1
173#1.922222#0.9989019/-0.03104679/0.03508734/-0.4881696/0.004259302/0.805989/0.5919154/1.666272/-0.04665707/-0.591116/0.805236/0.7993422/0/0/0/1
174#1.933333#0.9987562/-0.03487781/0.03563043/-0.4879327/0.007406095/0.8104627/0.5857434/1.66501/-0.04930659/-0.5847509/0.809713/0.7994523/0/0/0/1
175#1.944445#0.9986483/-0.03491578/0.03850146/-0.487838/0.006058482/0.8139077/0.5809628/1.66399/-0.0516214/-0.5799444/0.813019/0.7995791/0/0/0/1
176#1.955556#0.9984345/-0.03391321/0.04447892/-0.4872779/0.002007486/0.8164355/0.5774332/1.663082/-0.05589677/-0.57644/0.8152254/0.7996119/0/0/0/1
177#1.966667#0.9982336/-0.03102954/0.05066211/-0.4868892/-0.003721257/0.8184298/0.5745948/1.662656/-0.05929277/-0.5737684/0.8168687/0.7998116/0/0/0/1
178#1.977778#0.9980671/-0.02415274/0.05726188/-0.4864984/-0.01302138/0.8196672/0.5726921/1.66223/-0.06076777/-0.5723307/0.8177682/0.8000679/0/0/0/1
179#1.988889#0.9978688/-0.01780667/0.0627747/-0.4861729/-0.0211339/0.8219893/0.5691107/1.661554/-0.0617341/-0.5692245/0.8198612/0.8006588/0/0/0/1
180#2#0.997633/-0.01447072/0.06722327/-0.4859878/-0.02598221/0.8258049/0.5633571/1.660488/-0.06366548/-0.5637702/0.8234743/0.8014777/0/0/0/1
181#2.011111#0.9976562/-0.01070595/0.06758378/-0.4858866/-0.02866816/0.8314239/0.5548986/1.658982/-0.0621315/-0.5555356/0.8291681/0.8025334/0/0/0/1
182#2.022222#0.9974954/-0.007386995/0.07034337/-0.4858859/-0.03248824/0.8355584/0.5484403/1.657432/-0.0628273/-0.549352/0.8332257/0.8034613/0/0/0/1
183#2.033333#0.9972769/-0.005637747/0.07353258/-0.4857054/-0.03515476/0.8401603/0.5411975/1.655559/-0.0648303/-0.5423086/0.8376745/0.8044639/0/0/0/1
184#2.044445#0.9968261/-0.004351949/0.07949054/-0.48544/-0.03945035/0.8402782/0.5407182/1.653628/-0.06914736/-0.542138/0.8374395/0.8052096/0/0/0/1
185#2.055556#0.9968105/-0.002174785/0.07977536/-0.4854689/-0.04144839/0.8401232/0.5408095/1.65129/-0.06819728/-0.5423911/0.8373535/0.8063087/0/0/0/1
186#2.066667#0.9971884/-0.007759943/0.07453058/-0.4855666/-0.03381707/0.8409735/0.5400187/1.648869/-0.06686874/-0.541021/0.8383466/0.8073111/0/0/0/1
187#2.077778#0.9972989/-0.0118306/0.07249103/-0.4856837/-0.02927816/0.8411133/0.5400662/1.646512/-0.06736246/-0.5407298/0.838495/0.8081312/0/0/0/1
188#2.088889#0.9973877/-0.02129806/0.06902178/-0.4854676/-0.01901343/0.8444362/0.5353185/1.64418/-0.06968573/-0.5352323/0.8418257/0.8091134/0/0/0/1
189#2.1#0.9973835/-0.03027649/0.06564709/-0.4851652/-0.008801574/0.850465/0.5259581/1.642007/-0.07175471/-0.5251599/0.847973/0.8101231/0/0/0/1
190#2.111111#0.9973054/-0.03842538/0.06249383/-0.4844848/0.0009558704/0.858589/0.5126637/1.639599/-0.0733558/-0.5112225/0.8563123/0.8112142/0/0/0/1
191#2.122222#0.9973215/-0.0383823/0.06226079/-0.4839568/0.002411399/0.8680354/0.4964965/1.637186/-0.07310123/-0.4950165/0.8658032/0.8120948/0/0/0/1
192#2.133333#0.9973876/-0.03517983/0.06308973/-0.4838213/0.0003501289/0.8757364/0.4827894/1.634693/-0.07223442/-0.481506/0.873461/0.8130846/0/0/0/1
193#2.144444#0.9975196/-0.02838363/0.06441151/-0.4840437/-0.005131981/0.8833287/0.4687258/1.631693/-0.07020068/-0.4678937/0.8809922/0.8141626/0/0/0/1
194#2.155556#0.9976693/-0.02322668/0.06415921/-0.484274/-0.008619438/0.8898501/0.4561717/1.628717/-0.06768743/-0.4556615/0.8875759/0.8149989/0/0/0/1
195#2.166667#0.9976082/-0.02155534/0.06567349/-0.4844444/-0.009609354/0.8976532/0.4405978/1.625875/-0.06844924/-0.4401751/0.8952992/0.8160588/0/0/0/1
196#2.177778#0.9975133/-0.02115624/0.06722849/-0.4842958/-0.009262177/0.9062591/0.4226212/1.623067/-0.0698675/-0.4221929/0.9038095/0.816833/0/0/0/1
197#2.188889#0.997209/-0.02114968/0.07160327/-0.4835676/-0.009793542/0.9136983/0.4062753/1.62004/-0.07401637/-0.4058426/0.9109411/0.8171319/0/0/0/1
198#2.2#0.9968649/-0.02104946/0.07627206/-0.4837754/-0.01055487/0.9199715/0.3918431/1.617106/-0.07841621/-0.3914197/0.916865/0.8177124/0/0/0/1
199#2.211111#0.9966438/-0.02023606/0.07931826/-0.4835744/-0.0111678/0.9262905/0.3766447/1.614042/-0.08109354/-0.3762664/0.9229558/0.8182986/0/0/0/1
200#2.222222#0.9964706/-0.02042825/0.08141849/-0.4838845/-0.01034854/0.9326409/0.360658/1.610751/-0.0833018/-0.3602277/0.9291376/0.8193818/0/0/0/1
201#2.233333#0.9965125/-0.0191728/0.0812113/-0.4839724/-0.01003127/0.9386614/0.3446941/1.607869/-0.08283867/-0.3443066/0.9351956/0.8201146/0/0/0/1
202#2.244445#0.9965635/-0.01894965/0.08063568/-0.484121/-0.008642798/0.9443785/0.3287469/1.605449/-0.08238026/-0.3283141/0.9409693/0.8205816/0/0/0/1
203#2.255556#0.9965706/-0.02005415/0.08027845/-0.4844489/-0.006067388/0.9498646/0.3126032/1.602773/-0.08252263/-0.3120183/0.9464854/0.8212557/0/0/0/1
204#2.266667#0.9966698/-0.0218967/0.07854784/-0.4847062/-0.002305361/0.9553198/0.2955655/1.600578/-0.08151021/-0.2947624/0.9520878/0.8220851/0/0/0/1
205#2.277778#0.9968595/-0.02324705/0.07570172/-0.4849145/0.001140015/0.9600551/0.2798088/1.59838/-0.07918255/-0.2788438/0.9570664/0.8230587/0/0/0/1
206#2.288889#0.9971251/-0.02461186/0.07166255/-0.4848405/0.004673537/0.9639527/0.2660326/1.596257/-0.07562686/-0.2649329/0.9612966/0.8240513/0/0/0/1
207#2.3#0.9973539/-0.02428526/0.06852201/-0.4848385/0.006118934/0.9672514/0.2537464/1.593736/-0.07244031/-0.2526557/0.9648407/0.8246744/0/0/0/1
208#2.311111#0.9974974/-0.02362021/0.06664118/-0.484885/0.006846363/0.9703855/0.2414646/1.590976/-0.07037107/-0.240404/0.9681188/0.8252231/0/0/0/1
209#2.322222#0.9975451/-0.02346598/0.06597806/-0.4851038/0.007732561/0.9733326/0.2292676/1.588072/-0.06959859/-0.2281946/0.9711248/0.8252362/0/0/0/1
210#2.333333#0.9976058/-0.02499301/0.06448253/-0.4854/0.01067775/0.9768969/0.213444/1.585439/-0.0683274/-0.2122445/0.974825/0.8252105/0/0/0/1
211#2.344445#0.9976811/-0.02631995/0.06276739/-0.4858325/0.01359623/0.980686/0.1951157/1.582806/-0.06669053/-0.1938099/0.9787697/0.8253274/0/0/0/1
212#2.355556#0.9976923/-0.02597569/0.0627303/-0.4860455/0.01434153/0.9837005/0.1792413/1.580713/-0.06636375/-0.177928/0.9818032/0.825315/0/0/0/1
213#2.366667#0.9975623/-0.0253785/0.06500286/-0.4862204/0.01426405/0.9860128/0.166058/1.57888/-0.06830795/-0.164726/0.9839712/0.8255851/0/0/0/1
214#2.377778#0.9972965/-0.0277006/0.06806095/-0.4863642/0.01707969/0.9882419/0.1519428/1.577412/-0.07146958/-0.1503696/0.9860432/0.8257985/0/0/0/1
215#2.388889#0.9969128/-0.03194783/0.0717214/-0.4864368/0.02175403/0.9901013/0.1386576/1.576049/-0.07544125/-0.1366693/0.98774/0.8258107/0/0/0/1
216#2.4#0.996514/-0.0360817/0.07521988/-0.4865257/0.02634688/0.9916025/0.126611/1.574452/-0.07915656/-0.1241878/0.9890963/0.8259772/0/0/0/1
217#2.411111#0.9962117/-0.03970351/0.07736854/-0.486577/0.03035529/0.9924945/0.1184619/1.57294/-0.08149119/-0.1156646/0.9899399/0.82583/0/0/0/1
218#2.422222#0.9961319/-0.04067662/0.07788881/-0.4867054/0.03189738/0.9933292/0.1108152/1.571741/-0.08187681/-0.1079021/0.9907842/0.8251338/0/0/0/1
219#2.433333#0.9961665/-0.03956522/0.07801786/-0.486972/0.03143471/0.9942033/0.1028183/1.57057/-0.08163363/-0.09997163/0.991636/0.82465/0/0/0/1
220#2.444444#0.9961975/-0.03694358/0.07890271/-0.4871359/0.0292877/0.9949434/0.09607317/1.569634/-0.08205301/-0.09339698/0.992242/0.8244889/0/0/0/1
221#2.455556#0.9962115/-0.0362394/0.07905278/-0.4874685/0.02894085/0.9953759/0.0915923/1.569246/-0.08200648/-0.08895744/0.9926538/0.8241981/0/0/0/1
222#2.466667#0.9960623/-0.03866401/0.07978075/-0.4875437/0.0314124/0.9954256/0.09022769/1.56876/-0.08290438/-0.08736629/0.9927204/0.8240601/0/0/0/1
223#2.477778#0.9957077/-0.0427572/0.08208531/-0.487492/0.0355103/0.9955049/0.08780048/1.568359/-0.08547044/-0.08450873/0.9927503/0.8237665/0/0/0/1
224#2.488889#0.9952621/-0.04656168/0.08535429/-0.4874065/0.03929781/0.9956149/0.08489195/1.568201/-0.08893272/-0.0811355/0.9927276/0.8234341/0/0/0/1
225#2.5#0.9950237/-0.04637557/0.08818803/-0.4875253/0.03904996/0.9957798/0.08305225/1.567822/-0.09166745/-0.07919522/0.9926355/0.8233601/0/0/0/1
226#2.511111#0.9952695/-0.04183122/0.08768444/-0.4879398/0.0347092/0.9960908/0.08123082/1.567801/-0.09073963/-0.07780311/0.9928308/0.8231356/0/0/0/1
227#2.522222#0.9957097/-0.03431552/0.08593377/-0.4879967/0.02759241/0.9965529/0.07823701/1.567743/-0.0883223/-0.07553024/0.9932241/0.8224313/0/0/0/1
228#2.533333#0.9960146/-0.02842159/0.08453981/-0.4883703/0.02198954/0.9968604/0.07606421/1.56779/-0.08643625/-0.07390209/0.9935125/0.8221625/0/0/0/1
229#2.544445#0.9960296/-0.02635968/0.08502948/-0.4883212/0.01998583/0.9969862/0.07495944/1.567732/-0.08674912/-0.07296244/0.9935548/0.8216519/0/0/0/1
230#2.555556#0.9956514/-0.02880087/0.08859405/-0.4879978/0.02238621/0.9971124/0.07256525/1.567784/-0.09042817/-0.0702664/0.9934211/0.8211446/0/0/0/1
231#2.566667#0.9950432/-0.03431665/0.09333464/-0.4875482/0.02763563/0.997025/0.07195522/1.567792/-0.09552623/-0.0690192/0.9930313/0.8207939/0/0/0/1
232#2.577778#0.994455/-0.03733012/0.09831315/-0.4873494/0.03036822/0.9969866/0.07138211/1.56783/-0.1006816/-0.0680007/0.9925921/0.82049/0/0/0/1
233#2.588889#0.9941134/-0.03550937/0.1023605/-0.487518/0.02845141/0.9971688/0.06960604/1.567873/-0.1045423/-0.06628399/0.9923091/0.8204246/0/0/0/1
234#2.6#0.9940354/-0.02948416/0.104997/-0.4878614/0.02265055/0.9975829/0.0656919/1.568048/-0.10668/-0.06292183/0.9923005/0.8203315/0/0/0/1
235#2.611111#0.9941222/-0.02487785/0.1053666/-0.4879931/0.01814958/0.997763/0.06434012/1.56795/-0.1067315/-0.06204959/0.9923499/0.8200245/0/0/0/1
236#2.622222#0.9941356/-0.02202398/0.1058733/-0.4875021/0.0156137/0.9980157/0.06099869/1.567729/-0.1070067/-0.0589879/0.9925069/0.8195426/0/0/0/1
237#2.633333#0.9940811/-0.01882395/0.1069983/-0.4874759/0.01254106/0.9981738/0.05909203/1.567488/-0.1079153/-0.0574004/0.9925016/0.8191701/0/0/0/1
238#2.644444#0.9941213/-0.0154569/0.1071635/-0.4875721/0.009494449/0.9983898/0.05592739/1.566908/-0.1078554/-0.05458116/0.9926672/0.8187916/0/0/0/1
239#2.655556#0.9941321/-0.01302722/0.1073854/-0.4876914/0.007595512/0.9986781/0.05083611/1.566644/-0.1079057/-0.04972216/0.9929169/0.8185005/0/0/0/1
240#2.666667#0.9941049/-0.01076409/0.1078872/-0.4881073/0.005855469/0.9989374/0.04571169/1.566699/-0.1082646/-0.04481048/0.9931117/0.818176/0/0/0/1
241#2.677778#0.9941429/-0.008168313/0.107764/-0.48825/0.003200976/0.9989276/0.04618729/1.566692/-0.1080257/-0.04557182/0.993103/0.8183317/0/0/0/1
242#2.688889#0.9939315/-0.008253803/0.1096901/-0.4880242/0.003212835/0.9989338/0.04605395/1.566844/-0.1099533/-0.04542205/0.9928983/0.8181108/0/0/0/1
243#2.7#0.9936777/-0.006731468/0.1120679/-0.4875226/0.001691958/0.9989854/0.04500286/1.566929/-0.1122572/-0.04452873/0.992681/0.8178178/0/0/0/1
244#2.711111#0.9935976/-0.002535847/0.1129481/-0.4875721/-0.002446628/0.9990306/0.04395252/1.567/-0.11295/-0.04394747/0.9926283/0.8177296/0/0/0/1
245#2.722222#0.9936299/0.001701753/0.1126797/-0.487493/-0.006478145/0.9990951/0.04203656/1.567028/-0.1125062/-0.04249874/0.9927418/0.8176836/0/0/0/1
246#2.733333#0.9935523/0.006742432/0.1131744/-0.4877113/-0.01123738/0.9991711/0.03912619/1.567483/-0.1128168/-0.04014569/0.9928046/0.8176215/0/0/0/1
247#2.744445#0.9937673/0.007731826/0.1112064/-0.4895835/-0.01165681/0.9993302/0.03468787/1.567322/-0.1108637/-0.03576798/0.9931918/0.8187808/0/0/0/1
248#2.755556#0.9937267/0.009509712/0.1114312/-0.4882535/-0.0134984/0.9992927/0.03509548/1.568728/-0.1110186/-0.03637945/0.9931523/0.8183583/0/0/0/1
249#2.766667#0.993495/0.005121924/0.1137599/-0.4875245/-0.009347001/0.9992848/0.03663801/1.569642/-0.1134909/-0.03746299/0.9928325/0.8182242/0/0/0/1
250#2.777778#0.9930976/0.0002444564/0.11729/-0.4868368/-0.0042224/0.9994243/0.03366816/1.570777/-0.1172142/-0.03393102/0.9925268/0.8178985/0/0/0/1
251#2.788889#0.9925591/-0.00477839/0.1216702/-0.4861857/0.001086868/0.9995377/0.03038869/1.571868/-0.1217592/-0.03003034/0.9921052/0.8175153/0/0/0/1
252#2.8#0.9918923/-0.008565687/0.1267924/-0.4852446/0.0047421/0.9995257/0.03042748/1.573174/-0.1269929/-0.02957952/0.9914625/0.8167795/0/0/0/1
253#2.811111#0.9911851/-0.0111571/0.1320137/-0.484772/0.007124302/0.9994945/0.03098129/1.573862/-0.1322927/-0.02976769/0.9907635/0.8164097/0/0/0/1
254#2.822222#0.990655/-0.01073845/0.1359683/-0.4835975/0.00657596/0.9994969/0.03102593/1.574521/-0.1362331/-0.02984187/0.9902272/0.8157986/0/0/0/1
255#2.833333#0.9901848/-0.006963355/0.1395909/-0.4833862/0.002781652/0.9995421/0.0301296/1.575242/-0.1397368/-0.02944558/0.9897508/0.8155823/0/0/0/1
256#2.844445#0.9898924/0.0005733494/0.1418191/-0.4834276/-0.004828664/0.9995483/0.02966293/1.575864/-0.141738/-0.0300479/0.9894481/0.8154868/0/0/0/1
257#2.855556#0.9897327/0.007865515/0.1427136/-0.4834801/-0.01210267/0.9995106/0.02884622/1.576556/-0.1424169/-0.03027727/0.9893436/0.8155577/0/0/0/1
258#2.866667#0.9897938/0.01466735/0.14175/-0.483633/-0.01890551/0.9994122/0.0285984/1.576978/-0.1412472/-0.03098637/0.9894893/0.8157029/0/0/0/1
259#2.877778#0.9900169/0.01922317/0.1396317/-0.4837536/-0.02331628/0.9993433/0.02773694/1.577211/-0.1390069/-0.03071573/0.9898149/0.8159099/0/0/0/1
260#2.888889#0.9901969/0.02287453/0.1377926/-0.4837091/-0.02694132/0.9992526/0.0277212/1.577392/-0.1370555/-0.03116177/0.9900731/0.8160969/0/0/0/1
261#2.9#0.9903622/0.02478307/0.1362663/-0.483652/-0.02854595/0.9992612/0.02572948/1.577389/-0.135528/-0.02937135/0.9903381/0.8163229/0/0/0/1
262#2.911111#0.9904659/0.02582768/0.135315/-0.4835268/-0.02907466/0.9993334/0.02207441/1.577343/-0.1346546/-0.02579818/0.9905567/0.8164523/0/0/0/1
263#2.922222#0.9905434/0.02672894/0.1345707/-0.4829261/-0.02948054/0.9993942/0.01849588/1.576489/-0.1339948/-0.02228819/0.9907313/0.8160582/0/0/0/1
264#2.933333#0.9905382/0.02724486/0.1345056/-0.4823903/-0.02944242/0.999463/0.01437564/1.576379/-0.1340417/-0.01819979/0.9908085/0.8160068/0/0/0/1
265#2.944444#0.990452/0.02703296/0.1351817/-0.4820981/-0.02848006/0.9995557/0.008782064/1.575941/-0.1348842/-0.01254819/0.9907819/0.8162047/0/0/0/1
266#2.955556#0.9902453/0.02810321/0.1364717/-0.4817657/-0.02887074/0.9995765/0.003647686/1.575192/-0.1363114/-0.007552144/0.9906372/0.8161439/0/0/0/1
267#2.966667#0.9899737/0.02750163/0.1385484/-0.48148/-0.02746236/0.9996204/-0.002195497/1.57425/-0.1385562/-0.001631382/0.9903532/0.816555/0/0/0/1
268#2.977778#0.9897392/0.02841326/0.1400321/-0.4811471/-0.02754368/0.9995874/-0.008144454/1.573552/-0.1402057/0.004203887/0.9901136/0.8166152/0/0/0/1
269#2.988889#0.9894596/0.03122498/0.1414025/-0.4808491/-0.02921906/0.9994411/-0.01624048/1.572659/-0.1418306/0.01193765/0.989819/0.8167824/0/0/0/1
270#3#0.9892962/0.03393856/0.1419198/-0.4802066/-0.03051062/0.9991893/-0.02626145/1.571595/-0.1426961/0.02165029/0.9895297/0.8167462/0/0/0/1
271#3.011111#0.9892037/0.03625345/0.1419921/-0.4799606/-0.03117242/0.9987972/-0.037847/1.570541/-0.1431934/0.03301216/0.9891439/0.8169208/0/0/0/1
272#3.022222#0.9891362/0.03901254/0.1417311/-0.4796405/-0.03216665/0.9982171/-0.05027683/1.569585/-0.1434399/0.04517161/0.9886276/0.8171583/0/0/0/1
273#3.033333#0.9889879/0.04292963/0.1416326/-0.4795423/-0.03395707/0.9972962/-0.06517155/1.56846/-0.1440474/0.05964446/0.9877717/0.8173488/0/0/0/1
