0#0#1/0/0/0/0/1/0/0/0/0/1/0/0/0/0/1
1#0.01111111#1/0/0/0/0/1/0/0/0/0/1/0/0/0/0/1
2#0.02222222#0.7954512/-0.3751474/0.4759431/-0.0568397/0.2896074/0.9251966/0.2452322/1.338726/-0.5323391/-0.05723362/0.8445942/1.477838/0/0/0/1
3#0.03333334#0.7954512/-0.3751474/0.4759431/-0.0568397/0.2896074/0.9251966/0.2452322/1.338726/-0.5323391/-0.05723362/0.8445942/1.477838/0/0/0/1
4#0.04444445#0.7954512/-0.3751474/0.4759431/-0.0568397/0.2896074/0.9251966/0.2452322/1.338726/-0.5323391/-0.05723362/0.8445942/1.477838/0/0/0/1
5#0.05555556#0.7954512/-0.3751474/0.4759431/-0.0568397/0.2896074/0.9251966/0.2452322/1.338726/-0.5323391/-0.05723362/0.8445942/1.477838/0/0/0/1
6#0.06666667#0.7954512/-0.3751474/0.4759431/-0.0568397/0.2896074/0.9251966/0.2452322/1.338726/-0.5323391/-0.05723362/0.8445942/1.477838/0/0/0/1
7#0.07777778#0.7954512/-0.3751474/0.4759431/-0.0568397/0.2896074/0.9251966/0.2452322/1.338726/-0.5323391/-0.05723362/0.8445942/1.477838/0/0/0/1
8#0.08888889#0.7954512/-0.3751474/0.4759431/-0.0568397/0.2896074/0.9251966/0.2452322/1.338726/-0.5323391/-0.05723362/0.8445942/1.477838/0/0/0/1
9#0.1#0.7954512/-0.3751474/0.4759431/-0.0568397/0.2896074/0.9251966/0.2452322/1.338726/-0.5323391/-0.05723362/0.8445942/1.477838/0/0/0/1
10#0.1111111#0.7954512/-0.3751474/0.4759431/-0.0568397/0.2896074/0.9251966/0.2452322/1.338726/-0.5323391/-0.05723362/0.8445942/1.477838/0/0/0/1
11#0.1222222#0.7954512/-0.3751474/0.4759431/-0.0568397/0.2896074/0.9251966/0.2452322/1.338726/-0.5323391/-0.05723362/0.8445942/1.477838/0/0/0/1
12#0.1333333#0.7954512/-0.3751474/0.4759431/-0.0568397/0.2896074/0.9251966/0.2452322/1.338726/-0.5323391/-0.05723362/0.8445942/1.477838/0/0/0/1
13#0.1444445#0.7954512/-0.3751474/0.4759431/-0.0568397/0.2896074/0.9251966/0.2452322/1.338726/-0.5323391/-0.05723362/0.8445942/1.477838/0/0/0/1
14#0.1555556#0.7954512/-0.3751474/0.4759431/-0.0568397/0.2896074/0.9251966/0.2452322/1.338726/-0.5323391/-0.05723362/0.8445942/1.477838/0/0/0/1
15#0.1666667#0.7954512/-0.3751474/0.4759431/-0.0568397/0.2896074/0.9251966/0.2452322/1.338726/-0.5323391/-0.05723362/0.8445942/1.477838/0/0/0/1
16#0.1777778#0.7954512/-0.3751474/0.4759431/-0.0568397/0.2896074/0.9251966/0.2452322/1.338726/-0.5323391/-0.05723362/0.8445942/1.477838/0/0/0/1
17#0.1888889#0.7954512/-0.3751474/0.4759431/-0.0568397/0.2896074/0.9251966/0.2452322/1.338726/-0.5323391/-0.05723362/0.8445942/1.477838/0/0/0/1
18#0.2#0.7954512/-0.3751474/0.4759431/-0.0568397/0.2896074/0.9251966/0.2452322/1.338726/-0.5323391/-0.05723362/0.8445942/1.477838/0/0/0/1
19#0.2111111#0.7954512/-0.3751474/0.4759431/-0.0568397/0.2896074/0.9251966/0.2452322/1.338726/-0.5323391/-0.05723362/0.8445942/1.477838/0/0/0/1
20#0.2222222#0.7954512/-0.3751474/0.4759431/-0.0568397/0.2896074/0.9251966/0.2452322/1.338726/-0.5323391/-0.05723362/0.8445942/1.477838/0/0/0/1
21#0.2333333#0.7954512/-0.3751474/0.4759431/-0.0568397/0.2896074/0.9251966/0.2452322/1.338726/-0.5323391/-0.05723362/0.8445942/1.477838/0/0/0/1
22#0.2444444#0.7954512/-0.3751474/0.4759431/-0.0568397/0.2896074/0.9251966/0.2452322/1.338726/-0.5323391/-0.05723362/0.8445942/1.477838/0/0/0/1
23#0.2555556#0.7954512/-0.3751474/0.4759431/-0.0568397/0.2896074/0.9251966/0.2452322/1.338726/-0.5323391/-0.05723362/0.8445942/1.477838/0/0/0/1
24#0.2666667#0.7954512/-0.3751474/0.4759431/-0.0568397/0.2896074/0.9251966/0.2452322/1.338726/-0.5323391/-0.05723362/0.8445942/1.477838/0/0/0/1
25#0.2777778#0.7954512/-0.3751474/0.4759431/-0.0568397/0.2896074/0.9251966/0.2452322/1.338726/-0.5323391/-0.05723362/0.8445942/1.477838/0/0/0/1
26#0.2888889#0.7954512/-0.3751474/0.4759431/-0.0568397/0.2896074/0.9251966/0.2452322/1.338726/-0.5323391/-0.05723362/0.8445942/1.477838/0/0/0/1
27#0.3#0.7954512/-0.3751474/0.4759431/-0.0568397/0.2896074/0.9251966/0.2452322/1.338726/-0.5323391/-0.05723362/0.8445942/1.477838/0/0/0/1
28#0.3111111#0.7954512/-0.3751474/0.4759431/-0.0568397/0.2896074/0.9251966/0.2452322/1.338726/-0.5323391/-0.05723362/0.8445942/1.477838/0/0/0/1
29#0.3222222#0.7954512/-0.3751474/0.4759431/-0.0568397/0.2896074/0.9251966/0.2452322/1.338726/-0.5323391/-0.05723362/0.8445942/1.477838/0/0/0/1
30#0.3333333#0.7954512/-0.3751474/0.4759431/-0.0568397/0.2896074/0.9251966/0.2452322/1.338726/-0.5323391/-0.05723362/0.8445942/1.477838/0/0/0/1
31#0.3444445#0.7954512/-0.3751474/0.4759431/-0.0568397/0.2896074/0.9251966/0.2452322/1.338726/-0.5323391/-0.05723362/0.8445942/1.477838/0/0/0/1
32#0.3555556#0.7954577/-0.3748449/0.4761705/-0.05683589/0.2894195/0.9253318/0.2449437/1.338631/-0.5324316/-0.05702934/0.8445497/1.477774/0/0/0/1
33#0.3666667#0.7954577/-0.3748449/0.4761705/-0.05683589/0.2894195/0.9253318/0.2449437/1.338631/-0.5324316/-0.05702934/0.8445497/1.477774/0/0/0/1
34#0.3777778#0.7954577/-0.3748449/0.4761705/-0.05683589/0.2894195/0.9253318/0.2449437/1.338631/-0.5324316/-0.05702934/0.8445497/1.477774/0/0/0/1
35#0.3888889#0.7955424/-0.3747524/0.4761018/-0.05679369/0.28946/0.925379/0.2447173/1.338665/-0.5322831/-0.05687057/0.844654/1.477915/0/0/0/1
36#0.4#0.7955279/-0.3747675/0.4761143/-0.0568037/0.2894895/0.9253753/0.2446966/1.338643/-0.5322887/-0.05683284/0.8446531/1.477923/0/0/0/1
37#0.4111111#0.7954341/-0.3748125/0.4762357/-0.05682623/0.2894539/0.9253534/0.2448213/1.33859/-0.5324485/-0.0568909/0.8445485/1.47796/0/0/0/1
38#0.4222222#0.7954272/-0.3748682/0.4762035/-0.05685198/0.2895358/0.925334/0.2447981/1.338581/-0.5324143/-0.05684113/0.8445736/1.477963/0/0/0/1
39#0.4333333#0.7954173/-0.3748809/0.4762097/-0.05679941/0.289582/0.9253331/0.2447472/1.338667/-0.5324035/-0.05677442/0.8445846/1.477945/0/0/0/1
40#0.4444444#0.7954713/-0.3748275/0.4761615/-0.05679572/0.289476/0.9253461/0.2448229/1.338682/-0.5323804/-0.0569123/0.8445898/1.477946/0/0/0/1
41#0.4555556#0.7954667/-0.3750635/0.4759835/-0.05682755/0.2896819/0.925247/0.244954/1.338668/-0.5322756/-0.05696893/0.8446522/1.477908/0/0/0/1
42#0.4666667#0.7954791/-0.3748609/0.4761223/-0.05686462/0.2894523/0.9253258/0.2449273/1.338631/-0.5323819/-0.05701983/0.8445818/1.477832/0/0/0/1
43#0.4777778#0.7954791/-0.3748609/0.4761223/-0.05686462/0.2894523/0.9253258/0.2449273/1.338631/-0.5323819/-0.05701983/0.8445818/1.477832/0/0/0/1
44#0.4888889#0.7954791/-0.3748609/0.4761223/-0.05686462/0.2894523/0.9253258/0.2449273/1.338631/-0.5323819/-0.05701983/0.8445818/1.477832/0/0/0/1
45#0.5#0.7954791/-0.3748609/0.4761223/-0.05686462/0.2894523/0.9253258/0.2449273/1.338631/-0.5323819/-0.05701983/0.8445818/1.477832/0/0/0/1
46#0.5111111#0.7954791/-0.3748609/0.4761223/-0.05686462/0.2894523/0.9253258/0.2449273/1.338631/-0.5323819/-0.05701983/0.8445818/1.477832/0/0/0/1
47#0.5222222#0.7954791/-0.3748609/0.4761223/-0.05686462/0.2894523/0.9253258/0.2449273/1.338631/-0.5323819/-0.05701983/0.8445818/1.477832/0/0/0/1
48#0.5333334#0.7954791/-0.3748609/0.4761223/-0.05686462/0.2894523/0.9253258/0.2449273/1.338631/-0.5323819/-0.05701983/0.8445818/1.477832/0/0/0/1
49#0.5444444#0.7954791/-0.3748609/0.4761223/-0.05686462/0.2894523/0.9253258/0.2449273/1.338631/-0.5323819/-0.05701983/0.8445818/1.477832/0/0/0/1
50#0.5555556#0.7954791/-0.3748609/0.4761223/-0.05686462/0.2894523/0.9253258/0.2449273/1.338631/-0.5323819/-0.05701983/0.8445818/1.477832/0/0/0/1
51#0.5666667#0.7954791/-0.3748609/0.4761223/-0.05686462/0.2894523/0.9253258/0.2449273/1.338631/-0.5323819/-0.05701983/0.8445818/1.477832/0/0/0/1
52#0.5777778#0.7954791/-0.3748609/0.4761223/-0.05686462/0.2894523/0.9253258/0.2449273/1.338631/-0.5323819/-0.05701983/0.8445818/1.477832/0/0/0/1
53#0.5888889#0.7954791/-0.3748609/0.4761223/-0.05686462/0.2894523/0.9253258/0.2449273/1.338631/-0.5323819/-0.05701983/0.8445818/1.477832/0/0/0/1
54#0.6#0.7954791/-0.3748609/0.4761223/-0.05686462/0.2894523/0.9253258/0.2449273/1.338631/-0.5323819/-0.05701983/0.8445818/1.477832/0/0/0/1
55#0.6111111#0.7954791/-0.3748609/0.4761223/-0.05686462/0.2894523/0.9253258/0.2449273/1.338631/-0.5323819/-0.05701983/0.8445818/1.477832/0/0/0/1
56#0.6222222#0.7954791/-0.3748609/0.4761223/-0.05686462/0.2894523/0.9253258/0.2449273/1.338631/-0.5323819/-0.05701983/0.8445818/1.477832/0/0/0/1
57#0.6333333#0.7955645/-0.3748178/0.4760135/-0.05685163/0.2894979/0.9253482/0.2447891/1.338631/-0.5322294/-0.05694062/0.8446833/1.477811/0/0/0/1
58#0.6444445#0.795534/-0.3747334/0.4761309/-0.05679059/0.2894646/0.9253898/0.2446711/1.33868/-0.5322931/-0.05682112/0.844651/1.47789/0/0/0/1
59#0.6555555#0.7955526/-0.3747641/0.4760755/-0.05679846/0.2894976/0.9253765/0.2446825/1.338706/-0.5322473/-0.05683511/0.844679/1.477903/0/0/0/1
60#0.6666667#0.795578/-0.3746797/0.4760996/-0.05675924/0.2893828/0.9254061/0.2447059/1.338715/-0.5322718/-0.05690763/0.8446587/1.477832/0/0/0/1
61#0.6777778#0.7955774/-0.3747444/0.4760497/-0.05681634/0.2894289/0.9253779/0.2447584/1.338764/-0.5322477/-0.05694173/0.8446716/1.477817/0/0/0/1
62#0.6888889#0.7955427/-0.3746344/0.4761941/-0.05685115/0.2892814/0.9254206/0.2447714/1.338706/-0.5323796/-0.05697198/0.8445864/1.477789/0/0/0/1
63#0.7#0.7955632/-0.3746397/0.4761557/-0.05685449/0.2892642/0.9254149/0.2448133/1.33871/-0.5323583/-0.05702969/0.8445959/1.477782/0/0/0/1
64#0.7111111#0.7956177/-0.3746131/0.4760857/-0.05680633/0.2892593/0.9254251/0.2447805/1.338692/-0.5322796/-0.05703952/0.8446448/1.477823/0/0/0/1
65#0.7222223#0.7956601/-0.3745484/0.4760655/-0.05680323/0.2891964/0.9254492/0.2447636/1.338693/-0.5322503/-0.05707218/0.8446611/1.477824/0/0/0/1
66#0.7333333#0.7955861/-0.374513/0.4762172/-0.05679536/0.2891886/0.9254707/0.2446917/1.338709/-0.5323652/-0.05695678/0.8445964/1.477925/0/0/0/1
67#0.7444445#0.7956206/-0.3745032/0.4761674/-0.05679524/0.2891848/0.9254734/0.2446859/1.33871/-0.532316/-0.05697674/0.8446262/1.477938/0/0/0/1
68#0.7555556#0.7955852/-0.3745225/0.4762112/-0.05683255/0.2892773/0.9254755/0.2445692/1.338653/-0.5323184/-0.05681856/0.8446353/1.477924/0/0/0/1
69#0.7666667#0.7955383/-0.3745457/0.4762715/-0.05678332/0.2892585/0.925464/0.2446343/1.338718/-0.5323987/-0.05685036/0.8445827/1.477866/0/0/0/1
70#0.7777778#0.7955556/-0.3745368/0.4762494/-0.05681264/0.2892236/0.9254639/0.244676/1.33872/-0.5323918/-0.05691084/0.8445827/1.47786/0/0/0/1
71#0.7888889#0.7956449/-0.3744032/0.4762055/-0.0567838/0.2891803/0.9255229/0.2445037/1.338718/-0.5322821/-0.0568289/0.8446577/1.477841/0/0/0/1
72#0.8#0.7956503/-0.3744491/0.4761601/-0.05680192/0.2892048/0.9255017/0.2445551/1.33872/-0.5322605/-0.0568726/0.8446681/1.477823/0/0/0/1
73#0.8111112#0.7957326/-0.3745405/0.4759507/-0.05684555/0.2892824/0.9254586/0.2446266/1.338672/-0.5320952/-0.05697322/0.8447654/1.477895/0/0/0/1
74#0.8222222#0.7957701/-0.3744192/0.4759834/-0.05686808/0.2892483/0.9255151/0.2444527/1.338636/-0.5320576/-0.0568508/0.8447973/1.477892/0/0/0/1
75#0.8333334#0.7957345/-0.3745676/0.4759262/-0.05684423/0.2894019/0.9254572/0.2444901/1.338649/-0.5320274/-0.05681533/0.8448188/1.477934/0/0/0/1
76#0.8444445#0.7957283/-0.3745743/0.4759315/-0.05684161/0.2894031/0.9254541/0.2445/1.338645/-0.5320364/-0.05681947/0.844813/1.47795/0/0/0/1
77#0.8555556#0.7957397/-0.374597/0.4758944/-0.05682158/0.2894657/0.9254486/0.244447/1.338678/-0.5319849/-0.05676108/0.8448492/1.478012/0/0/0/1
78#0.8666667#0.795858/-0.374562/0.4757241/-0.05677462/0.2894095/0.9254541/0.2444929/1.338732/-0.5318386/-0.05690255/0.8449318/1.477934/0/0/0/1
79#0.8777778#0.7958269/-0.3746848/0.4756793/-0.05680227/0.2895516/0.9254079/0.2444994/1.338736/-0.5318077/-0.05684549/0.8449551/1.477926/0/0/0/1
80#0.8888889#0.7958895/-0.3746361/0.4756132/-0.05677152/0.2894819/0.925422/0.2445285/1.338753/-0.5317523/-0.05693626/0.8449839/1.477883/0/0/0/1
81#0.9#0.7958603/-0.3746146/0.4756788/-0.05679417/0.2894632/0.9254327/0.2445103/1.338694/-0.5318059/-0.05690458/0.8449523/1.477862/0/0/0/1
82#0.9111111#0.7957858/-0.3747994/0.4756579/-0.05684066/0.2896412/0.925361/0.2445714/1.33863/-0.5318204/-0.05685636/0.8449464/1.477934/0/0/0/1
83#0.9222223#0.7957898/-0.3747798/0.4756666/-0.05685258/0.289648/0.9253715/0.2445233/1.338625/-0.5318107/-0.05681327/0.8449553/1.477948/0/0/0/1
84#0.9333333#0.7957872/-0.3746752/0.4757535/-0.05681968/0.2894997/0.9254096/0.2445549/1.338593/-0.5318955/-0.05688315/0.8448974/1.477829/0/0/0/1
85#0.9444445#0.7957633/-0.3746981/0.4757753/-0.05681717/0.2895169/0.9254009/0.2445672/1.338588/-0.5319218/-0.05687261/0.8448815/1.477818/0/0/0/1
86#0.9555556#0.795773/-0.3745887/0.4758453/-0.05683672/0.2894342/0.9254476/0.2444879/1.338612/-0.5319523/-0.05683094/0.8448652/1.477819/0/0/0/1
87#0.9666667#0.7958179/-0.3747667/0.47563/-0.05681348/0.2895066/0.9253615/0.2447285/1.338683/-0.5318457/-0.05706131/0.8449166/1.477805/0/0/0/1
88#0.9777778#0.7958133/-0.3747343/0.4756634/-0.05683446/0.2895051/0.9253783/0.2446668/1.3387/-0.5318537/-0.0570021/0.8449157/1.477794/0/0/0/1
89#0.9888889#0.7957233/-0.3746132/0.4759091/-0.05686772/0.2893856/0.9254327/0.2446023/1.338664/-0.5320531/-0.05691455/0.844796/1.477883/0/0/0/1
90#1#0.7957029/-0.374674/0.4758952/-0.05685103/0.2894539/0.9254098/0.2446078/1.338633/-0.5320464/-0.0568854/0.8448021/1.477888/0/0/0/1
91#1.011111#0.7956207/-0.374828/0.4759114/-0.05687702/0.2895952/0.9253504/0.2446658/1.338617/-0.5320924/-0.05683957/0.8447763/1.477883/0/0/0/1
92#1.022222#0.7956293/-0.3748095/0.4759117/-0.05686331/0.2895849/0.9253583/0.244648/1.338639/-0.5320852/-0.05683225/0.8447815/1.4779/0/0/0/1
93#1.033333#0.79563/-0.3748509/0.4758781/-0.05687952/0.2896193/0.9253408/0.2446741/1.338642/-0.5320657/-0.05684658/0.8447926/1.477915/0/0/0/1
94#1.044444#0.7956354/-0.3748461/0.4758724/-0.05686426/0.2896692/0.9253481/0.2445866/1.338688/-0.5320299/-0.05675623/0.8448212/1.477957/0/0/0/1
95#1.055556#0.7957013/-0.3747259/0.4758574/-0.05686355/0.2895401/0.9253925/0.2445715/1.338666/-0.5320022/-0.05682604/0.844834/1.477966/0/0/0/1
96#1.066667#0.7957197/-0.37467/0.4758703/-0.05684483/0.2894695/0.9254127/0.2445787/1.338683/-0.5320127/-0.05686616/0.8448247/1.477888/0/0/0/1
97#1.077778#0.7958498/-0.3748575/0.475505/-0.05689204/0.2895981/0.9253229/0.2447663/1.338632/-0.5317482/-0.05709194/0.844976/1.477849/0/0/0/1
98#1.088889#0.795836/-0.3748176/0.4755595/-0.05689907/0.2895629/0.9253403/0.2447417/1.338631/-0.5317879/-0.05706986/0.8449523/1.477837/0/0/0/1
99#1.1#0.795764/-0.374815/0.475682/-0.05689883/0.2896306/0.9253529/0.2446142/1.338633/-0.5318589/-0.05688315/0.8449204/1.477869/0/0/0/1
100#1.111111#0.7957844/-0.3747172/0.475725/-0.05687582/0.2895605/0.9253946/0.2445395/1.338619/-0.5318665/-0.05684949/0.8449178/1.477871/0/0/0/1
101#1.122222#0.7958053/-0.3746775/0.4757214/-0.05685019/0.2894037/0.925397/0.2447158/1.338658/-0.5319208/-0.0570706/0.8448687/1.477809/0/0/0/1
102#1.133333#0.795921/-0.3747607/0.475462/-0.05685985/0.2895399/0.9253625/0.2446854/1.33868/-0.5316731/-0.05708501/0.8450236/1.477815/0/0/0/1
103#1.144444#0.7957871/-0.3748571/0.4756105/-0.05687881/0.289629/0.9253299/0.2447034/1.338624/-0.5318254/-0.05698115/0.8449349/1.477804/0/0/0/1
104#1.155556#0.7958255/-0.3748557/0.4755471/-0.0568887/0.2896437/0.92533/0.2446853/1.338634/-0.5317597/-0.05698752/0.8449758/1.47781/0/0/0/1
105#1.166667#0.7956692/-0.3748316/0.4758275/-0.05689383/0.2896508/0.9253517/0.2445947/1.338637/-0.5319896/-0.05679262/0.8448443/1.477912/0/0/0/1
106#1.177778#0.7956578/-0.3748788/0.4758095/-0.05686617/0.2897148/0.925335/0.2445824/1.338657/-0.5319719/-0.05675483/0.8448578/1.477948/0/0/0/1
107#1.188889#0.7957178/-0.3747104/0.4758417/-0.0568372/0.2894909/0.9253943/0.2446231/1.338663/-0.532004/-0.05689909/0.844828/1.477854/0/0/0/1
108#1.2#0.7957223/-0.3746916/0.4758489/-0.05682302/0.2894888/0.9254035/0.2445906/1.33877/-0.5319982/-0.05687333/0.8448333/1.477925/0/0/0/1
109#1.211111#0.7957492/-0.3746477/0.4758385/-0.05681491/0.2894463/0.92542/0.2445783/1.338784/-0.5319812/-0.05689334/0.8448426/1.477938/0/0/0/1
110#1.222222#0.7957312/-0.3745707/0.4759293/-0.05678332/0.2893789/0.9254534/0.2445319/1.338717/-0.5320449/-0.05685778/0.844805/1.47788/0/0/0/1
111#1.233333#0.7957304/-0.3745727/0.4759291/-0.056777/0.2894086/0.9254555/0.2444885/1.338701/-0.53203/-0.05680894/0.8448176/1.477871/0/0/0/1
112#1.244444#0.7958065/-0.3744996/0.4758594/-0.05679417/0.2893358/0.9254812/0.2444778/1.338633/-0.5319557/-0.05687392/0.84486/1.477842/0/0/0/1
113#1.255556#0.7958351/-0.3744648/0.4758388/-0.05685258/0.2892743/0.9254909/0.2445136/1.338683/-0.5319463/-0.05694456/0.844861/1.477837/0/0/0/1
114#1.266667#0.7957351/-0.3745489/0.4759398/-0.05686736/0.2892929/0.9254552/0.2446269/1.338646/-0.5320857/-0.05697221/0.8447716/1.477886/0/0/0/1
115#1.277778#0.7957847/-0.3745399/0.4758641/-0.05688357/0.2892832/0.925456/0.2446351/1.338647/-0.5320169/-0.05701734/0.8448118/1.477894/0/0/0/1
116#1.288889#0.7958302/-0.3746039/0.4757379/-0.05684793/0.2893699/0.9254299/0.2446314/1.338695/-0.5319019/-0.0570208/0.8448842/1.47788/0/0/0/1
117#1.3#0.7958044/-0.3746996/0.4757053/-0.05691087/0.2894447/0.9253902/0.2446933/1.338641/-0.5318995/-0.05703767/0.8448844/1.477883/0/0/0/1
118#1.311111#0.7958207/-0.3747473/0.4756408/-0.05692387/0.2894913/0.9253697/0.2447155/1.338632/-0.5318502/-0.05705581/0.8449143/1.477887/0/0/0/1
119#1.322222#0.7958037/-0.3747589/0.4756603/-0.05683935/0.2895365/0.9253696/0.2446628/1.338692/-0.5318511/-0.05698252/0.8449188/1.477971/0/0/0/1
120#1.333333#0.7958037/-0.3747589/0.4756603/-0.05683935/0.2895365/0.9253696/0.2446628/1.338692/-0.5318511/-0.05698252/0.8449188/1.477971/0/0/0/1
121#1.344445#0.7957766/-0.3746908/0.4757587/-0.05676985/0.2894711/0.9253989/0.2446285/1.338647/-0.5319268/-0.05695124/0.8448729/1.477974/0/0/0/1
122#1.355556#0.7956959/-0.3745158/0.4760315/-0.05675685/0.2892685/0.9254717/0.2445932/1.338599/-0.5321577/-0.05692089/0.8447297/1.47788/0/0/0/1
123#1.366667#0.7956772/-0.3745807/0.4760118/-0.05681968/0.2893084/0.9254437/0.244652/1.338651/-0.532164/-0.05694979/0.8447239/1.477861/0/0/0/1
124#1.377778#0.7955738/-0.3746037/0.4761663/-0.05684233/0.2893157/0.9254383/0.2446636/1.338606/-0.5323145/-0.05688555/0.8446333/1.477901/0/0/0/1
125#1.388889#0.7956439/-0.3745677/0.4760776/-0.05684757/0.2892925/0.9254505/0.2446451/1.338567/-0.5322224/-0.05692475/0.8446885/1.47785/0/0/0/1
126#1.4#0.7956786/-0.3745297/0.4760494/-0.05683339/0.2892822/0.925467/0.2445949/1.338563/-0.532176/-0.0569063/0.8447191/1.477851/0/0/0/1
127#1.411111#0.7956885/-0.3743294/0.4761906/-0.05676103/0.2891297/0.925553/0.2444497/1.338649/-0.5322443/-0.05682502/0.8446817/1.477906/0/0/0/1
128#1.422222#0.7956758/-0.3743497/0.4761957/-0.05677271/0.2890694/0.9255369/0.2445821/1.338701/-0.5322959/-0.05695447/0.8446405/1.477904/0/0/0/1
129#1.433333#0.7956581/-0.3742711/0.4762874/-0.0567677/0.288991/0.92557/0.2445499/1.338692/-0.5323653/-0.05693538/0.8445979/1.477869/0/0/0/1
130#1.444445#0.7956825/-0.3742769/0.4762416/-0.05677795/0.2890121/0.9255677/0.2445329/1.338722/-0.5323169/-0.05693097/0.8446285/1.477867/0/0/0/1
131#1.455556#0.7956896/-0.3743752/0.4761526/-0.05675769/0.2891343/0.92553/0.2445316/1.338761/-0.53224/-0.05689923/0.8446792/1.477901/0/0/0/1
132#1.466667#0.7957011/-0.3744194/0.4760985/-0.0567733/0.2891874/0.9255123/0.2445355/1.338784/-0.5321939/-0.05689552/0.8447086/1.477899/0/0/0/1
133#1.477778#0.7956784/-0.3743091/0.4762233/-0.0568105/0.2890416/0.9255546/0.2445477/1.338683/-0.5323071/-0.05693303/0.8446347/1.477829/0/0/0/1
134#1.488889#0.7957093/-0.374268/0.476204/-0.05682766/0.2889609/0.9255654/0.2446024/1.338684/-0.5323048/-0.05702811/0.8446298/1.477821/0/0/0/1
135#1.5#0.7958089/-0.3743589/0.4759661/-0.05679989/0.2890383/0.9255215/0.2446769/1.33872/-0.5321138/-0.05714364/0.8447423/1.477838/0/0/0/1
136#1.511111#0.795792/-0.3745405/0.4758516/-0.05682552/0.2892055/0.925447/0.2447614/1.338656/-0.5320486/-0.05716021/0.8447823/1.477879/0/0/0/1
137#1.522222#0.7957562/-0.3746896/0.4757938/-0.05678821/0.289327/0.9253853/0.2448508/1.338649/-0.5320357/-0.05718152/0.8447889/1.477897/0/0/0/1
138#1.533333#0.7957342/-0.3746805/0.4758378/-0.0567944/0.2894149/0.9254007/0.2446888/1.338603/-0.5320207/-0.05699267/0.8448111/1.477917/0/0/0/1
139#1.544444#0.795718/-0.3747108/0.4758411/-0.05679083/0.2894347/0.9253882/0.2447131/1.338636/-0.5320343/-0.05699766/0.8448022/1.477927/0/0/0/1
140#1.555556#0.7957278/-0.3745817/0.4759262/-0.05673575/0.2893375/0.9254435/0.2446183/1.338683/-0.5320724/-0.05694627/0.8447817/1.477895/0/0/0/1
141#1.566667#0.7957374/-0.3746122/0.4758863/-0.05680346/0.2893485/0.9254286/0.2446623/1.338708/-0.5320522/-0.05698995/0.8447917/1.477893/0/0/0/1
142#1.577778#0.7958089/-0.3744261/0.4759133/-0.05678546/0.2891761/0.9255018/0.2445888/1.338715/-0.532039/-0.05702321/0.8447976/1.47785/0/0/0/1
143#1.588889#0.7956669/-0.3746419/0.4759807/-0.05687714/0.2893718/0.9254196/0.2446684/1.338618/-0.5321449/-0.05693915/0.8447364/1.477893/0/0/0/1
144#1.6#0.7956818/-0.37458/0.4760046/-0.05687499/0.2893367/0.925447/0.2446068/1.338589/-0.5321417/-0.05690362/0.8447409/1.477898/0/0/0/1
145#1.611111#0.7956389/-0.3747191/0.4759667/-0.05686581/0.2894868/0.9253939/0.2446299/1.338555/-0.532124/-0.05685099/0.8447555/1.477883/0/0/0/1
146#1.622222#0.7955948/-0.3747506/0.4760156/-0.0568893/0.2894966/0.925381/0.2446665/1.338594/-0.5321847/-0.05685054/0.8447174/1.477891/0/0/0/1
147#1.633333#0.795508/-0.374752/0.4761595/-0.05683804/0.2895161/0.9253871/0.2446203/1.338697/-0.5323039/-0.05674157/0.8446497/1.477934/0/0/0/1
148#1.644444#0.7955549/-0.3746595/0.4761543/-0.05683029/0.2893973/0.9254194/0.2446389/1.3387/-0.5322988/-0.05682591/0.8446471/1.477953/0/0/0/1
149#1.655556#0.7955839/-0.3746676/0.4760992/-0.05681419/0.2893799/0.9254118/0.2446881/1.338705/-0.5322645/-0.0568964/0.8446639/1.47786/0/0/0/1
150#1.666667#0.7955471/-0.3746776/0.4761528/-0.05680251/0.2894172/0.9254127/0.2446409/1.338706/-0.5322993/-0.05681653/0.8446475/1.47786/0/0/0/1
151#1.677778#0.7954712/-0.3746468/0.4763039/-0.05685902/0.2894182/0.9254329/0.2445635/1.338616/-0.5324122/-0.05669223/0.8445847/1.477891/0/0/0/1
152#1.688889#0.7954624/-0.3745779/0.4763727/-0.05683994/0.2893557/0.9254619/0.244527/1.338679/-0.5324593/-0.05667092/0.8445565/1.477941/0/0/0/1
153#1.7#0.7954968/-0.3745081/0.47637/-0.05687177/0.289297/0.9254898/0.2444917/1.33869/-0.5324395/-0.05667995/0.8445682/1.477946/0/0/0/1
154#1.711111#0.7954976/-0.3745373/0.4763459/-0.05686975/0.2892718/0.9254718/0.2445885/1.338717/-0.5324522/-0.05677613/0.8445538/1.477871/0/0/0/1
155#1.722222#0.7954879/-0.3745481/0.4763535/-0.05688643/0.2892587/0.9254655/0.2446283/1.338729/-0.5324738/-0.05680944/0.844538/1.477858/0/0/0/1
156#1.733333#0.7954305/-0.3747646/0.4762794/-0.05691123/0.2895353/0.925387/0.2445983/1.338733/-0.5324096/-0.05666132/0.8445885/1.477973/0/0/0/1
157#1.744444#0.7954201/-0.3747847/0.4762808/-0.05685472/0.2895292/0.9253765/0.2446448/1.338653/-0.5324282/-0.05669818/0.8445742/1.477962/0/0/0/1
158#1.755556#0.7954285/-0.3747293/0.4763103/-0.05678296/0.2894326/0.9253944/0.2446922/1.33872/-0.5324681/-0.05677544/0.8445438/1.477894/0/0/0/1
159#1.766667#0.7954949/-0.3745956/0.4763042/-0.05674362/0.2893036/0.9254455/0.2446509/1.338708/-0.5324387/-0.05682202/0.8445591/1.477898/0/0/0/1
160#1.777778#0.7953726/-0.3745741/0.4765257/-0.05676961/0.2892553/0.9254581/0.2446603/1.338665/-0.532648/-0.05675855/0.8444315/1.477848/0/0/0/1
161#1.788889#0.7953441/-0.3746156/0.476541/-0.05676436/0.2893054/0.9254438/0.2446554/1.338658/-0.5326636/-0.05671935/0.8444245/1.477841/0/0/0/1
162#1.8#0.7953991/-0.3745373/0.4765104/-0.05675244/0.2892572/0.9254758/0.2445912/1.338704/-0.5326074/-0.05671357/0.8444601/1.477855/0/0/0/1
163#1.811111#0.7954183/-0.3744737/0.4765282/-0.05674374/0.2892059/0.9255019/0.2445532/1.338693/-0.5326065/-0.05670734/0.8444611/1.477852/0/0/0/1
164#1.822222#0.7954366/-0.37454/0.4764455/-0.05677509/0.2892213/0.9254685/0.2446611/1.338669/-0.5325707/-0.05681422/0.8444764/1.477827/0/0/0/1
165#1.833333#0.7954187/-0.3745128/0.4764968/-0.05676818/0.2892062/0.9254819/0.2446285/1.33866/-0.5326056/-0.05677631/0.844457/1.477821/0/0/0/1
166#1.844445#0.7954271/-0.3745382/0.4764629/-0.05677652/0.2891842/0.9254659/0.2447146/1.338633/-0.5326051/-0.05686705/0.8444512/1.477795/0/0/0/1
167#1.855556#0.7954547/-0.3745075/0.4764409/-0.05677938/0.2891818/0.9254799/0.2446645/1.338616/-0.5325652/-0.05684152/0.8444781/1.477793/0/0/0/1
168#1.866667#0.7954752/-0.3745219/0.4763954/-0.0568018/0.289171/0.9254705/0.2447138/1.338641/-0.5325404/-0.05690403/0.8444896/1.477787/0/0/0/1
169#1.877778#0.7954333/-0.3745547/0.4764393/-0.05679107/0.2891564/0.925454/0.2447921/1.338655/-0.5326107/-0.05695029/0.8444421/1.477779/0/0/0/1
170#1.888889#0.7954676/-0.3745019/0.4764238/-0.05680192/0.2891482/0.9254786/0.2447094/1.338654/-0.5325642/-0.05690131/0.8444748/1.477787/0/0/0/1
171#1.9#0.795473/-0.3744842/0.476429/-0.05680537/0.2891256/0.925485/0.2447121/1.338658/-0.5325688/-0.05691402/0.8444711/1.477787/0/0/0/1
172#1.911111#0.7954975/-0.3744274/0.4764324/-0.05681324/0.2890687/0.9255067/0.2446971/1.338668/-0.5325627/-0.05693424/0.8444735/1.477778/0/0/0/1
173#1.922222#0.795487/-0.374433/0.4764456/-0.05681276/0.289074/0.925505/0.2446974/1.33873/-0.5325755/-0.05692556/0.8444661/1.477783/0/0/0/1
174#1.933333#0.7954915/-0.3744906/0.4763926/-0.05682755/0.2891142/0.9254794/0.2447464/1.338749/-0.5325467/-0.05696183/0.8444816/1.477781/0/0/0/1
175#1.944445#0.7954813/-0.3744775/0.47642/-0.05679488/0.2891188/0.9254871/0.2447116/1.33874/-0.5325596/-0.05692149/0.8444763/1.47779/0/0/0/1
176#1.955556#0.795471/-0.3744783/0.4764367/-0.05679476/0.2891046/0.9254858/0.2447337/1.338757/-0.5325829/-0.05693847/0.8444605/1.47779/0/0/0/1
177#1.966667#0.795525/-0.3744502/0.4763687/-0.05680799/0.2890827/0.9254948/0.244725/1.338776/-0.5325141/-0.05697486/0.8445014/1.477793/0/0/0/1
178#1.977778#0.7955531/-0.3745935/0.4762087/-0.05684388/0.2893412/0.9254475/0.2445991/1.338788/-0.5323313/-0.0568048/0.8446279/1.477926/0/0/0/1
179#1.988889#0.795592/-0.3744406/0.4762642/-0.05682445/0.2892221/0.9255111/0.2444989/1.338698/-0.5323381/-0.05677519/0.8446258/1.477893/0/0/0/1
180#2#0.7955406/-0.3744901/0.4763111/-0.05681491/0.2892384/0.9254901/0.2445588/1.338701/-0.5324061/-0.05678901/0.844582/1.477893/0/0/0/1
181#2.011111#0.7956378/-0.3744109/0.476211/-0.05683243/0.2891693/0.9255182/0.2445346/1.338652/-0.5322984/-0.05685538/0.8446454/1.477858/0/0/0/1
182#2.022222#0.7956338/-0.3744652/0.4761749/-0.05683517/0.2892233/0.9254963/0.2445536/1.338639/-0.5322748/-0.05685426/0.8446602/1.477862/0/0/0/1
183#2.033333#0.7955951/-0.3743572/0.4763245/-0.05682838/0.2892033/0.9255517/0.2443675/1.338626/-0.5323437/-0.05666295/0.8446297/1.477912/0/0/0/1
184#2.044445#0.7956684/-0.374263/0.4762763/-0.05680418/0.2890276/0.9255773/0.2444783/1.338668/-0.5323297/-0.05686668/0.8446248/1.477861/0/0/0/1
185#2.055556#0.7956362/-0.3741701/0.4764028/-0.05681133/0.2889316/0.9256165/0.2444435/1.338623/-0.5324296/-0.0568403/0.8445637/1.47782/0/0/0/1
186#2.066667#0.7957265/-0.3743601/0.4761029/-0.05683959/0.2890328/0.925525/0.2446709/1.338706/-0.5322402/-0.05708179/0.8446668/1.477833/0/0/0/1
187#2.077778#0.7956849/-0.3744032/0.4761384/-0.05684447/0.2891307/0.9255155/0.2445905/1.338709/-0.5322488/-0.05695076/0.8446702/1.477841/0/0/0/1
188#2.088889#0.7956057/-0.3743348/0.4763245/-0.05687594/0.2890197/0.925543/0.2446175/1.338751/-0.5324277/-0.05695187/0.8445574/1.477846/0/0/0/1
189#2.1#0.7955857/-0.3742948/0.4763895/-0.05689108/0.2889232/0.9255544/0.2446885/1.33876/-0.5325099/-0.05703068/0.8445004/1.477834/0/0/0/1
190#2.111111#0.7956808/-0.3741637/0.4763337/-0.05684161/0.2887165/0.9255943/0.2447814/1.338717/-0.5324802/-0.0572425/0.8445047/1.477827/0/0/0/1
191#2.122222#0.7956634/-0.3741682/0.4763591/-0.05683768/0.2886854/0.9255897/0.244836/1.338717/-0.5325229/-0.05728912/0.8444746/1.477829/0/0/0/1
192#2.133333#0.7957544/-0.3743354/0.4760758/-0.05683947/0.2888577/0.9255171/0.2449067/1.338656/-0.5322936/-0.05736745/0.8446139/1.477818/0/0/0/1
193#2.144444#0.7956423/-0.3745228/0.4761155/-0.05688226/0.2891265/0.9254558/0.2448209/1.338646/-0.532315/-0.05713224/0.8446163/1.477877/0/0/0/1
194#2.155556#0.7956359/-0.3745382/0.4761142/-0.05688572/0.2891201/0.9254476/0.2448596/1.33865/-0.532328/-0.0571649/0.8446059/1.477877/0/0/0/1
195#2.166667#0.7957044/-0.37447/0.4760533/-0.0567708/0.2890531/0.9254717/0.2448477/1.338661/-0.532262/-0.05722173/0.8446437/1.477826/0/0/0/1
196#2.177778#0.795689/-0.3744604/0.4760867/-0.05671155/0.2890052/0.9254724/0.2449018/1.338681/-0.5323111/-0.05727411/0.8446091/1.477834/0/0/0/1
197#2.188889#0.7956397/-0.3745673/0.4760849/-0.05674267/0.2890401/0.9254239/0.2450439/1.33859/-0.5323657/-0.05735903/0.8445689/1.477841/0/0/0/1
198#2.2#0.7956444/-0.374568/0.4760764/-0.05672002/0.2890357/0.9254227/0.2450533/1.338587/-0.5323611/-0.05737224/0.8445709/1.47784/0/0/0/1
199#2.211111#0.7956565/-0.374614/0.4760202/-0.0567522/0.2890093/0.9253957/0.245187/1.338703/-0.5323573/-0.05751035/0.8445641/1.477762/0/0/0/1
200#2.222222#0.7956868/-0.374637/0.4759512/-0.05677104/0.289005/0.9253815/0.2452451/1.338685/-0.5323142/-0.05758607/0.8445859/1.477737/0/0/0/1
201#2.233333#0.7955617/-0.3747181/0.4760965/-0.05681682/0.2891354/0.9253608/0.2451696/1.338696/-0.5324305/-0.05739123/0.8445258/1.477831/0/0/0/1
202#2.244445#0.7956198/-0.3745531/0.4761292/-0.05679369/0.289061/0.9254345/0.2449791/1.338761/-0.532384/-0.05727982/0.8445628/1.477867/0/0/0/1
203#2.255556#0.7956138/-0.3745632/0.4761314/-0.05680394/0.2890321/0.9254265/0.2450434/1.338775/-0.5324089/-0.05734269/0.8445429/1.477855/0/0/0/1
204#2.266667#0.795653/-0.3744846/0.476128/-0.05679655/0.2889161/0.9254522/0.2450827/1.33876/-0.5324135/-0.05743975/0.8445333/1.477858/0/0/0/1
205#2.277778#0.795724/-0.3746034/0.4759157/-0.05682468/0.2891017/0.9254072/0.2450341/1.338753/-0.5322065/-0.05739144/0.8446671/1.477846/0/0/0/1
206#2.288889#0.7958065/-0.3745586/0.4758128/-0.05679083/0.2891315/0.9254289/0.2449169/1.33873/-0.5320665/-0.05733395/0.8447591/1.477838/0/0/0/1
207#2.3#0.7957966/-0.3745406/0.4758436/-0.05678773/0.2890925/0.9254347/0.2449416/1.338727/-0.5321027/-0.05736091/0.8447345/1.477829/0/0/0/1
208#2.311111#0.795787/-0.3746/0.4758126/-0.05676675/0.2891657/0.9254124/0.2449391/1.338745/-0.532077/-0.0573307/0.8447527/1.477846/0/0/0/1
209#2.322222#0.7957883/-0.37461/0.4758028/-0.05677104/0.2892002/0.9254109/0.2449041/1.338738/-0.5320566/-0.05728958/0.8447686/1.477837/0/0/0/1
210#2.333333#0.7958307/-0.3746314/0.4757151/-0.05681729/0.2893258/0.925411/0.2447551/1.33874/-0.531925/-0.05714695/0.844861/1.47787/0/0/0/1
211#2.344445#0.7958214/-0.3746894/0.4756849/-0.05686164/0.2893727/0.9253866/0.2447917/1.338731/-0.5319133/-0.05716026/0.8448675/1.477871/0/0/0/1
212#2.355556#0.7957626/-0.3746184/0.4758393/-0.05686378/0.2893184/0.9254207/0.2447273/1.338672/-0.5320308/-0.05707574/0.8447992/1.477829/0/0/0/1
213#2.366667#0.7957886/-0.3746373/0.4757805/-0.05686235/0.2892992/0.9254074/0.2448/1.338656/-0.532002/-0.05716621/0.8448111/1.477809/0/0/0/1
214#2.377778#0.7956855/-0.374588/0.4759919/-0.05685115/0.2892095/0.9254289/0.2448251/1.338661/-0.5322052/-0.05714238/0.8446847/1.477816/0/0/0/1
215#2.388889#0.7956982/-0.3744662/0.4760664/-0.05682814/0.2891948/0.9254892/0.2446141/1.338673/-0.532194/-0.05696306/0.8447039/1.477841/0/0/0/1
216#2.4#0.795745/-0.3743808/0.4760553/-0.05681908/0.2890849/0.9255188/0.2446322/1.338666/-0.5321836/-0.05704448/0.8447049/1.477846/0/0/0/1
217#2.411111#0.7956922/-0.3742975/0.4762093/-0.05683458/0.2889042/0.9255451/0.2447461/1.338627/-0.532361/-0.05716367/0.8445852/1.47781/0/0/0/1
218#2.422222#0.7956988/-0.3742485/0.4762369/-0.05681014/0.288913/0.9255708/0.2446382/1.338616/-0.5323464/-0.05706729/0.8446009/1.477822/0/0/0/1
219#2.433333#0.7957721/-0.3741403/0.4761993/-0.05680561/0.2888496/0.9256156/0.2445439/1.338646/-0.5322712/-0.05705126/0.8446493/1.477869/0/0/0/1
220#2.444444#0.7958217/-0.3741422/0.476115/-0.05679965/0.2888612/0.9256133/0.2445395/1.338649/-0.5321909/-0.05707865/0.8446981/1.477837/0/0/0/1
221#2.455556#0.7958209/-0.374202/0.4760693/-0.05679989/0.2889461/0.9255915/0.2445209/1.338636/-0.5321459/-0.05703647/0.8447293/1.477835/0/0/0/1
222#2.466667#0.7958558/-0.3742139/0.4760015/-0.05682659/0.288937/0.9255825/0.2445658/1.338657/-0.5320986/-0.05710462/0.8447545/1.47786/0/0/0/1
223#2.477778#0.7958592/-0.3742191/0.4759921/-0.05684447/0.2889146/0.9255774/0.2446122/1.338639/-0.5321061/-0.05715583/0.8447464/1.477844/0/0/0/1
224#2.488889#0.7958757/-0.374207/0.4759741/-0.05685258/0.2888365/0.9255741/0.2447159/1.338711/-0.5321238/-0.05728469/0.8447264/1.477803/0/0/0/1
225#2.5#0.7958583/-0.3742126/0.4759986/-0.05684566/0.2888105/0.9255695/0.2447645/1.33871/-0.5321637/-0.05732449/0.8446986/1.477792/0/0/0/1
226#2.511111#0.7958593/-0.3741927/0.4760123/-0.0568229/0.2888713/0.9255862/0.2446294/1.338662/-0.532129/-0.05718432/0.8447299/1.477818/0/0/0/1
227#2.522222#0.795844/-0.3742598/0.4759852/-0.05681372/0.2889129/0.925557/0.2446908/1.338656/-0.5321293/-0.05721743/0.8447275/1.477821/0/0/0/1
228#2.533333#0.795768/-0.3742964/0.4760836/-0.05680656/0.2889801/0.9255496/0.2446393/1.338614/-0.5322067/-0.05709746/0.8446869/1.477883/0/0/0/1
229#2.544445#0.7957771/-0.3742807/0.4760806/-0.0568018/0.2889652/0.9255556/0.2446344/1.338597/-0.532201/-0.05710375/0.8446901/1.477893/0/0/0/1
230#2.555556#0.7958101/-0.3743268/0.4759893/-0.05682278/0.28909/0.9255435/0.2445328/1.338649/-0.5320839/-0.05699793/0.8447711/1.4779/0/0/0/1
231#2.566667#0.7957999/-0.3743919/0.4759552/-0.05685616/0.2891566/0.9255177/0.2445516/1.338632/-0.5320631/-0.05698858/0.8447849/1.477796/0/0/0/1
232#2.577778#0.7957952/-0.374397/0.4759589/-0.05683815/0.2891361/0.9255131/0.2445931/1.338641/-0.5320811/-0.05702915/0.8447706/1.477795/0/0/0/1
233#2.588889#0.795861/-0.3744561/0.4758023/-0.05687141/0.289215/0.9254875/0.2445966/1.338658/-0.5319398/-0.05705579/0.8448578/1.477845/0/0/0/1
234#2.6#0.7958906/-0.37447/0.475742/-0.05686915/0.2892444/0.9254818/0.244583/1.338668/-0.5318796/-0.05705555/0.8448957/1.477864/0/0/0/1
235#2.611111#0.7959148/-0.3745152/0.4756659/-0.0568223/0.2893012/0.9254635/0.2445857/1.33876/-0.5318125/-0.05705867/0.8449377/1.477956/0/0/0/1
236#2.622222#0.7959207/-0.3744281/0.4757245/-0.05679393/0.2892463/0.9255021/0.2445046/1.338768/-0.5318335/-0.05700475/0.844928/1.47798/0/0/0/1
237#2.633333#0.7958028/-0.3744563/0.4758997/-0.05679619/0.2892398/0.9254934/0.2445451/1.338692/-0.5320134/-0.05696058/0.8448179/1.477865/0/0/0/1
238#2.644444#0.795819/-0.374435/0.4758891/-0.05679989/0.2892249/0.9255018/0.2445308/1.338678/-0.5319971/-0.05696332/0.8448278/1.477861/0/0/0/1
239#2.655556#0.7957445/-0.374487/0.4759729/-0.05679369/0.2891899/0.9254754/0.244672/1.338711/-0.5321277/-0.05704984/0.8447399/1.477803/0/0/0/1
240#2.666667#0.7957099/-0.3745064/0.4760153/-0.05682778/0.2892571/0.9254746/0.2445959/1.338703/-0.5321427/-0.05693658/0.844738/1.477892/0/0/0/1
241#2.677778#0.7957386/-0.3744884/0.4759816/-0.05685258/0.2892324/0.9254796/0.2446061/1.338693/-0.5321134/-0.05697328/0.844754/1.477904/0/0/0/1
242#2.688889#0.7957717/-0.3744135/0.4759852/-0.05683994/0.2892035/0.9255132/0.2445131/1.338715/-0.5320796/-0.05692004/0.844779/1.477925/0/0/0/1
243#2.7#0.7957027/-0.3745519/0.4759917/-0.05683243/0.2892733/0.9254534/0.244657/1.338752/-0.5321449/-0.0569826/0.8447336/1.477863/0/0/0/1
244#2.711111#0.7958001/-0.3746154/0.4757788/-0.05684018/0.2893599/0.9254245/0.2446634/1.338743/-0.5319521/-0.05703185/0.8448519/1.477844/0/0/0/1
245#2.722222#0.79583/-0.3745638/0.4757694/-0.05684197/0.2893005/0.9254431/0.2446636/1.338743/-0.5319397/-0.05707029/0.8448568/1.477832/0/0/0/1
246#2.733333#0.7957981/-0.3746071/0.4757887/-0.05685639/0.289302/0.9254228/0.2447388/1.33859/-0.5319866/-0.0571161/0.8448243/1.477811/0/0/0/1
247#2.744445#0.7956995/-0.374595/0.4759634/-0.05684066/0.289359/0.9254405/0.2446042/1.338646/-0.5321033/-0.05690713/0.8447651/1.477856/0/0/0/1
248#2.755556#0.7957082/-0.3746469/0.4759077/-0.05684745/0.2893666/0.9254141/0.2446949/1.338647/-0.532086/-0.05699401/0.84477/1.47785/0/0/0/1
249#2.766667#0.7955942/-0.3747108/0.4760479/-0.05680454/0.2895062/0.9254025/0.2445737/1.338626/-0.5321803/-0.05676257/0.844726/1.477819/0/0/0/1
250#2.777778#0.7956476/-0.3746509/0.476006/-0.05677462/0.2894654/0.9254262/0.2445331/1.33863/-0.5321228/-0.05677495/0.8447616/1.477829/0/0/0/1
251#2.788889#0.7956507/-0.3746014/0.4760396/-0.0567652/0.2893355/0.9254374/0.2446437/1.338701/-0.5321888/-0.05691578/0.8447104/1.4778/0/0/0/1
252#2.8#0.7956976/-0.3745235/0.4760226/-0.05673897/0.2892753/0.9254683/0.2445977/1.338703/-0.5321515/-0.05692422/0.8447334/1.47779/0/0/0/1
253#2.811111#0.795723/-0.3745687/0.4759446/-0.05677247/0.2893842/0.9254555/0.2445178/1.338727/-0.5320543/-0.05683756/0.8448004/1.477889/0/0/0/1
254#2.822222#0.7957123/-0.3745486/0.4759783/-0.05680418/0.2893408/0.9254616/0.2445455/1.338681/-0.5320939/-0.05686792/0.8447735/1.477919/0/0/0/1
255#2.833333#0.7956889/-0.3745804/0.4759924/-0.05680084/0.289332/0.9254457/0.2446164/1.33869/-0.5321336/-0.0569187/0.844745/1.477927/0/0/0/1
256#2.844445#0.7956398/-0.3747074/0.4759746/-0.05686188/0.2894839/0.9253993/0.2446122/1.338663/-0.5321245/-0.05683618/0.8447564/1.477818/0/0/0/1
257#2.855556#0.7956138/-0.3747331/0.4759977/-0.05686486/0.2894899/0.9253882/0.2446471/1.338673/-0.53216/-0.05684808/0.8447331/1.477812/0/0/0/1
258#2.866667#0.7956414/-0.3746793/0.475994/-0.05685711/0.2894171/0.9254066/0.2446637/1.338679/-0.5321584/-0.05690381/0.8447304/1.477806/0/0/0/1
259#2.877778#0.7956311/-0.374703/0.4759928/-0.05684662/0.2894073/0.9253939/0.2447233/1.338691/-0.5321795/-0.05695365/0.8447138/1.477809/0/0/0/1
260#2.888889#0.7956222/-0.3745961/0.4760914/-0.0568192/0.2892812/0.9254359/0.2447138/1.338706/-0.5322609/-0.05697542/0.8446611/1.477873/0/0/0/1
261#2.9#0.7956361/-0.3745954/0.4760688/-0.05683982/0.2892415/0.9254313/0.2447782/1.338706/-0.5322618/-0.05705554/0.8446548/1.477861/0/0/0/1
262#2.911111#0.7956371/-0.3746144/0.476052/-0.05684304/0.2892744/0.9254249/0.2447633/1.338722/-0.5322423/-0.05703317/0.8446688/1.477837/0/0/0/1
263#2.922222#0.7956158/-0.3745863/0.4761099/-0.05688393/0.2892838/0.9254416/0.2446892/1.338703/-0.5322691/-0.05694773/0.8446577/1.477884/0/0/0/1
264#2.933333#0.795539/-0.3746636/0.4761774/-0.05688214/0.2893561/0.9254138/0.2447087/1.338704/-0.5323446/-0.05689054/0.844614/1.47788/0/0/0/1
265#2.944444#0.7956098/-0.3746713/0.476053/-0.05681098/0.2894399/0.925415/0.2446053/1.338677/-0.5321931/-0.05682164/0.844714/1.477884/0/0/0/1
266#2.955556#0.7956387/-0.3745812/0.4760756/-0.05680406/0.2893532/0.9254503/0.2445739/1.338674/-0.5321971/-0.05683847/0.8447104/1.477886/0/0/0/1
267#2.966667#0.7956176/-0.3746559/0.4760522/-0.05682921/0.2894378/0.9254222/0.2445804/1.338662/-0.5321827/-0.05680503/0.8447217/1.477889/0/0/0/1
268#2.977778#0.7955777/-0.3748131/0.475995/-0.05683565/0.2895651/0.925357/0.2446757/1.338661/-0.5321731/-0.05682698/0.8447263/1.477891/0/0/0/1
269#2.988889#0.7956036/-0.37497/0.4758281/-0.05684936/0.2897192/0.9252915/0.2447417/1.338643/-0.5320504/-0.0568609/0.8448014/1.477882/0/0/0/1
270#3#0.7955758/-0.375043/0.4758169/-0.05683637/0.2897584/0.9252596/0.2448155/1.33865/-0.5320705/-0.05689731/0.8447862/1.477863/0/0/0/1
271#3.011111#0.795516/-0.3749002/0.4760295/-0.05680251/0.2896727/0.9253271/0.2446616/1.338654/-0.5322068/-0.0567395/0.8447109/1.477874/0/0/0/1
272#3.022222#0.7954584/-0.375025/0.4760274/-0.0568583/0.2897315/0.9252724/0.2447989/1.338652/-0.5322608/-0.05680719/0.8446724/1.477872/0/0/0/1
273#3.033333#0.7954592/-0.3749489/0.4760862/-0.05688667/0.2895954/0.9252971/0.244867/1.338588/-0.5323338/-0.05690937/0.8446195/1.477791/0/0/0/1
274#3.044445#0.7953565/-0.3750136/0.4762068/-0.05688953/0.2896325/0.9252734/0.2449126/1.338529/-0.532467/-0.05686785/0.8445383/1.477828/0/0/0/1
275#3.055556#0.7953153/-0.3750566/0.4762417/-0.05690241/0.2896467/0.9252551/0.2449651/1.338522/-0.5325208/-0.05688266/0.8445033/1.477816/0/0/0/1
276#3.066667#0.7952436/-0.3751253/0.4763072/-0.05684781/0.2898191/0.925242/0.2448103/1.338621/-0.532534/-0.05664086/0.8445112/1.477921/0/0/0/1
277#3.077778#0.7952616/-0.375144/0.4762625/-0.05685568/0.2898434/0.925234/0.2448118/1.33861/-0.5324939/-0.05664796/0.8445361/1.477927/0/0/0/1
278#3.088889#0.7952034/-0.3750334/0.4764468/-0.05684805/0.289691/0.9252778/0.2448267/1.338658/-0.532664/-0.05666463/0.8444277/1.477867/0/0/0/1
279#3.1#0.7952211/-0.3749994/0.476444/-0.05684948/0.2896432/0.9252893/0.24484/1.338662/-0.5326633/-0.05670318/0.8444256/1.477867/0/0/0/1
280#3.111111#0.7952307/-0.3748277/0.4765631/-0.05682576/0.2893935/0.9253504/0.2449043/1.338698/-0.5327847/-0.05684114/0.8443397/1.477836/0/0/0/1
