0#0#-0.2842836/0.5195731/-0.8057459/0.4882586/0.002134949/0.8407626/0.5413997/0.5345336/0.9587378/0.1521908/-0.2401243/-0.8405867/0/0/0/1
1#0.01111111#-0.2842836/0.5195731/-0.8057459/0.4882586/0.002134949/0.8407626/0.5413997/0.5345336/0.9587378/0.1521908/-0.2401243/-0.8405867/0/0/0/1
2#0.02222222#-0.2843034/0.5195752/-0.805738/0.488261/0.002105058/0.8407544/0.5414128/0.5345181/0.9587325/0.1522292/-0.2401231/-0.8406153/0/0/0/1
3#0.03333334#-0.2843034/0.5195752/-0.805738/0.488261/0.002105058/0.8407544/0.5414128/0.5345181/0.9587325/0.1522292/-0.2401231/-0.8406153/0/0/0/1
4#0.04444445#-0.2843034/0.5195752/-0.805738/0.488261/0.002105058/0.8407544/0.5414128/0.5345181/0.9587325/0.1522292/-0.2401231/-0.8406153/0/0/0/1
5#0.05555556#-0.2843034/0.5195752/-0.805738/0.488261/0.002105058/0.8407544/0.5414128/0.5345181/0.9587325/0.1522292/-0.2401231/-0.8406153/0/0/0/1
6#0.06666667#-0.2843034/0.5195752/-0.805738/0.488261/0.002105058/0.8407544/0.5414128/0.5345181/0.9587325/0.1522292/-0.2401231/-0.8406153/0/0/0/1
7#0.07777778#-0.2843034/0.5195752/-0.805738/0.488261/0.002105058/0.8407544/0.5414128/0.5345181/0.9587325/0.1522292/-0.2401231/-0.8406153/0/0/0/1
8#0.08888889#-0.2843034/0.5195752/-0.805738/0.488261/0.002105058/0.8407544/0.5414128/0.5345181/0.9587325/0.1522292/-0.2401231/-0.8406153/0/0/0/1
9#0.1#-0.2843034/0.5195752/-0.805738/0.488261/0.002105058/0.8407544/0.5414128/0.5345181/0.9587325/0.1522292/-0.2401231/-0.8406153/0/0/0/1
10#0.1111111#-0.2843034/0.5195752/-0.805738/0.488261/0.002105058/0.8407544/0.5414128/0.5345181/0.9587325/0.1522292/-0.2401231/-0.8406153/0/0/0/1
11#0.1222222#-0.2843034/0.5195752/-0.805738/0.488261/0.002105058/0.8407544/0.5414128/0.5345181/0.9587325/0.1522292/-0.2401231/-0.8406153/0/0/0/1
12#0.1333333#-0.2843034/0.5195752/-0.805738/0.488261/0.002105058/0.8407544/0.5414128/0.5345181/0.9587325/0.1522292/-0.2401231/-0.8406153/0/0/0/1
13#0.1444445#-0.2843034/0.5195752/-0.805738/0.488261/0.002105058/0.8407544/0.5414128/0.5345181/0.9587325/0.1522292/-0.2401231/-0.8406153/0/0/0/1
14#0.1555556#-0.2843034/0.5195752/-0.805738/0.488261/0.002105058/0.8407544/0.5414128/0.5345181/0.9587325/0.1522292/-0.2401231/-0.8406153/0/0/0/1
15#0.1666667#-0.2843034/0.5195752/-0.805738/0.488261/0.002105058/0.8407544/0.5414128/0.5345181/0.9587325/0.1522292/-0.2401231/-0.8406153/0/0/0/1
16#0.1777778#-0.2843034/0.5195752/-0.805738/0.488261/0.002105058/0.8407544/0.5414128/0.5345181/0.9587325/0.1522292/-0.2401231/-0.8406153/0/0/0/1
17#0.1888889#-0.2843034/0.5195752/-0.805738/0.488261/0.002105058/0.8407544/0.5414128/0.5345181/0.9587325/0.1522292/-0.2401231/-0.8406153/0/0/0/1
18#0.2#-0.2843034/0.5195752/-0.805738/0.488261/0.002105058/0.8407544/0.5414128/0.5345181/0.9587325/0.1522292/-0.2401231/-0.8406153/0/0/0/1
19#0.2111111#-0.2843034/0.5195752/-0.805738/0.488261/0.002105058/0.8407544/0.5414128/0.5345181/0.9587325/0.1522292/-0.2401231/-0.8406153/0/0/0/1
20#0.2222222#-0.2843034/0.5195752/-0.805738/0.488261/0.002105058/0.8407544/0.5414128/0.5345181/0.9587325/0.1522292/-0.2401231/-0.8406153/0/0/0/1
21#0.2333333#-0.2843034/0.5195752/-0.805738/0.488261/0.002105058/0.8407544/0.5414128/0.5345181/0.9587325/0.1522292/-0.2401231/-0.8406153/0/0/0/1
22#0.2444444#-0.2843034/0.5195752/-0.805738/0.488261/0.002105058/0.8407544/0.5414128/0.5345181/0.9587325/0.1522292/-0.2401231/-0.8406153/0/0/0/1
23#0.2555556#-0.2843034/0.5195752/-0.805738/0.488261/0.002105058/0.8407544/0.5414128/0.5345181/0.9587325/0.1522292/-0.2401231/-0.8406153/0/0/0/1
24#0.2666667#-0.2843034/0.5195752/-0.805738/0.488261/0.002105058/0.8407544/0.5414128/0.5345181/0.9587325/0.1522292/-0.2401231/-0.8406153/0/0/0/1
25#0.2777778#-0.2843034/0.5195752/-0.805738/0.488261/0.002105058/0.8407544/0.5414128/0.5345181/0.9587325/0.1522292/-0.2401231/-0.8406153/0/0/0/1
26#0.2888889#-0.2843034/0.5195752/-0.805738/0.488261/0.002105058/0.8407544/0.5414128/0.5345181/0.9587325/0.1522292/-0.2401231/-0.8406153/0/0/0/1
27#0.3#-0.2843034/0.5195752/-0.805738/0.488261/0.002105058/0.8407544/0.5414128/0.5345181/0.9587325/0.1522292/-0.2401231/-0.8406153/0/0/0/1
28#0.3111111#-0.2843034/0.5195752/-0.805738/0.488261/0.002105058/0.8407544/0.5414128/0.5345181/0.9587325/0.1522292/-0.2401231/-0.8406153/0/0/0/1
29#0.3222222#-0.2843034/0.5195752/-0.805738/0.488261/0.002105058/0.8407544/0.5414128/0.5345181/0.9587325/0.1522292/-0.2401231/-0.8406153/0/0/0/1
30#0.3333333#-0.2833745/0.5200814/-0.8057383/0.4874727/0.002347231/0.8405514/0.5417267/0.5366833/0.9590064/0.1516203/-0.2394116/-0.8410903/0/0/0/1
31#0.3444445#-0.2833745/0.5200814/-0.8057383/0.4874727/0.002347231/0.8405514/0.5417267/0.5366833/0.9590064/0.1516203/-0.2394116/-0.8410903/0/0/0/1
32#0.3555556#-0.2833745/0.5200814/-0.8057383/0.4874727/0.002347231/0.8405514/0.5417267/0.5366833/0.9590064/0.1516203/-0.2394116/-0.8410903/0/0/0/1
33#0.3666667#-0.2833745/0.5200814/-0.8057383/0.4874727/0.002347231/0.8405514/0.5417267/0.5366833/0.9590064/0.1516203/-0.2394116/-0.8410903/0/0/0/1
34#0.3777778#-0.283368/0.5200856/-0.8057381/0.4884059/0.002558232/0.8405826/0.5416774/0.5374886/0.959008/0.1514327/-0.2395248/-0.8416028/0/0/0/1
35#0.3888889#-0.2833029/0.5201153/-0.8057421/0.4884565/0.002366305/0.8405393/0.5417455/0.5375164/0.9590281/0.1515713/-0.2393579/-0.8416324/0/0/0/1
36#0.4#-0.2833748/0.520076/-0.8057416/0.4884991/0.002370715/0.8405586/0.5417153/0.5375577/0.9590063/0.1515982/-0.239426/-0.8416529/0/0/0/1
37#0.4111111#-0.2834901/0.5201457/-0.8056561/0.4885503/0.002471417/0.8405154/0.541782/0.5375893/0.958972/0.1515986/-0.2395632/-0.8416778/0/0/0/1
38#0.4222222#-0.28335/0.5201428/-0.8057073/0.488608/0.002545118/0.840544/0.5417374/0.5376403/0.9590131/0.1514506/-0.2394919/-0.8417148/0/0/0/1
39#0.4333333#-0.2834227/0.5201319/-0.8056889/0.4886488/0.002706498/0.8405689/0.5416977/0.537689/0.9589915/0.1513488/-0.2396441/-0.8417382/0/0/0/1
40#0.4444444#-0.2832482/0.5201744/-0.8057232/0.4887058/0.002665401/0.8405526/0.5417237/0.5377252/0.9590435/0.1512944/-0.2394714/-0.8417696/0/0/0/1
41#0.4555556#-0.2832482/0.5201744/-0.8057232/0.4887058/0.002665401/0.8405526/0.5417237/0.5377252/0.9590435/0.1512944/-0.2394714/-0.8417696/0/0/0/1
42#0.4666667#-0.2832482/0.5201744/-0.8057232/0.4887058/0.002665401/0.8405526/0.5417237/0.5377252/0.9590435/0.1512944/-0.2394714/-0.8417696/0/0/0/1
43#0.4777778#-0.2832482/0.5201744/-0.8057232/0.4887058/0.002665401/0.8405526/0.5417237/0.5377252/0.9590435/0.1512944/-0.2394714/-0.8417696/0/0/0/1
44#0.4888889#-0.2832482/0.5201744/-0.8057232/0.4887058/0.002665401/0.8405526/0.5417237/0.5377252/0.9590435/0.1512944/-0.2394714/-0.8417696/0/0/0/1
45#0.5#-0.2832482/0.5201744/-0.8057232/0.4887058/0.002665401/0.8405526/0.5417237/0.5377252/0.9590435/0.1512944/-0.2394714/-0.8417696/0/0/0/1
46#0.5111111#-0.2832482/0.5201744/-0.8057232/0.4887058/0.002665401/0.8405526/0.5417237/0.5377252/0.9590435/0.1512944/-0.2394714/-0.8417696/0/0/0/1
47#0.5222222#-0.2832482/0.5201744/-0.8057232/0.4887058/0.002665401/0.8405526/0.5417237/0.5377252/0.9590435/0.1512944/-0.2394714/-0.8417696/0/0/0/1
48#0.5333334#-0.2832482/0.5201744/-0.8057232/0.4887058/0.002665401/0.8405526/0.5417237/0.5377252/0.9590435/0.1512944/-0.2394714/-0.8417696/0/0/0/1
49#0.5444444#-0.2832482/0.5201744/-0.8057232/0.4887058/0.002665401/0.8405526/0.5417237/0.5377252/0.9590435/0.1512944/-0.2394714/-0.8417696/0/0/0/1
50#0.5555556#-0.2832482/0.5201744/-0.8057232/0.4887058/0.002665401/0.8405526/0.5417237/0.5377252/0.9590435/0.1512944/-0.2394714/-0.8417696/0/0/0/1
51#0.5666667#-0.2832482/0.5201744/-0.8057232/0.4887058/0.002665401/0.8405526/0.5417237/0.5377252/0.9590435/0.1512944/-0.2394714/-0.8417696/0/0/0/1
52#0.5777778#-0.2832482/0.5201744/-0.8057232/0.4887058/0.002665401/0.8405526/0.5417237/0.5377252/0.9590435/0.1512944/-0.2394714/-0.8417696/0/0/0/1
53#0.5888889#-0.2832482/0.5201744/-0.8057232/0.4887058/0.002665401/0.8405526/0.5417237/0.5377252/0.9590435/0.1512944/-0.2394714/-0.8417696/0/0/0/1
54#0.6#-0.2832482/0.5201744/-0.8057232/0.4887058/0.002665401/0.8405526/0.5417237/0.5377252/0.9590435/0.1512944/-0.2394714/-0.8417696/0/0/0/1
55#0.6111111#-0.2832482/0.5201744/-0.8057232/0.4887058/0.002665401/0.8405526/0.5417237/0.5377252/0.9590435/0.1512944/-0.2394714/-0.8417696/0/0/0/1
56#0.6222222#-0.2832482/0.5201744/-0.8057232/0.4887058/0.002665401/0.8405526/0.5417237/0.5377252/0.9590435/0.1512944/-0.2394714/-0.8417696/0/0/0/1
57#0.6333333#-0.2832482/0.5201744/-0.8057232/0.4887058/0.002665401/0.8405526/0.5417237/0.5377252/0.9590435/0.1512944/-0.2394714/-0.8417696/0/0/0/1
58#0.6444445#-0.2832482/0.5201744/-0.8057232/0.4887058/0.002665401/0.8405526/0.5417237/0.5377252/0.9590435/0.1512944/-0.2394714/-0.8417696/0/0/0/1
59#0.6555555#-0.2832482/0.5201744/-0.8057232/0.4887058/0.002665401/0.8405526/0.5417237/0.5377252/0.9590435/0.1512944/-0.2394714/-0.8417696/0/0/0/1
60#0.6666667#-0.2832482/0.5201744/-0.8057232/0.4887058/0.002665401/0.8405526/0.5417237/0.5377252/0.9590435/0.1512944/-0.2394714/-0.8417696/0/0/0/1
61#0.6777778#-0.2833783/0.5202676/-0.8056167/0.4900292/0.002370596/0.8404294/0.5419158/0.5384943/0.9590052/0.1516574/-0.2393929/-0.842503/0/0/0/1
62#0.6888889#-0.2832913/0.5204241/-0.8055463/0.4901365/0.002467811/0.8403488/0.5420404/0.538532/0.9590309/0.1515673/-0.2393477/-0.8425562/0/0/0/1
63#0.7#-0.2833345/0.5204052/-0.8055437/0.4901815/0.002447874/0.840354/0.5420328/0.5385573/0.9590186/0.1516046/-0.2393752/-0.8425866/0/0/0/1
64#0.7111111#-0.2832475/0.520269/-0.8056622/0.4902848/0.00262034/0.8404821/0.5418333/0.5385926/0.9590436/0.1513618/-0.2394277/-0.8426352/0/0/0/1
65#0.7222223#-0.283374/0.5201378/-0.8057022/0.4903713/0.002373457/0.8405179/0.5417788/0.5386493/0.9590065/0.1516137/-0.2394153/-0.8426585/0/0/0/1
66#0.7333333#-0.2832517/0.5202261/-0.8056883/0.4904585/0.002476096/0.8404875/0.5418253/0.5387027/0.9590426/0.1514779/-0.2393576/-0.842698/0/0/0/1
67#0.7444445#-0.2833458/0.5202482/-0.8056409/0.4905292/0.002461314/0.8404603/0.5418676/0.5387404/0.9590148/0.1515529/-0.2394215/-0.8427449/0/0/0/1
68#0.7555556#-0.2832929/0.5203188/-0.8056137/0.4906136/0.002541274/0.8404309/0.5419126/0.5387617/0.9590301/0.1514727/-0.2394104/-0.8427727/0/0/0/1
69#0.7666667#-0.2831736/0.5203196/-0.8056554/0.4907148/0.002847523/0.8404915/0.5418173/0.5387856/0.9590646/0.1511342/-0.2394866/-0.8427937/0/0/0/1
70#0.7777778#-0.2831236/0.5201386/-0.8057899/0.4908097/0.002408743/0.8405493/0.5417298/0.5388454/0.9590806/0.1514355/-0.2392324/-0.8428495/0/0/0/1
71#0.7888889#-0.2833279/0.5203967/-0.8055516/0.4908781/0.002477677/0.8403649/0.5420156/0.5388824/0.9590204/0.1515721/-0.2393883/-0.8428836/0/0/0/1
72#0.8#-0.2832172/0.5205354/-0.805501/0.4909642/0.002804727/0.8403352/0.5420603/0.5388829/0.9590523/0.1512614/-0.2394573/-0.842904/0/0/0/1
73#0.8111112#-0.2833381/0.5203261/-0.8055934/0.4910594/0.002713621/0.8404487/0.5418847/0.5389087/0.9590164/0.1513504/-0.2395431/-0.8429403/0/0/0/1
74#0.8222222#-0.2832418/0.5202387/-0.8056838/0.4911474/0.002643109/0.8405065/0.5417952/0.5389739/0.9590453/0.1513294/-0.2394416/-0.8429797/0/0/0/1
75#0.8333334#-0.2832283/0.5203297/-0.8056297/0.4912394/0.002537579/0.8404303/0.541914/0.5390092/0.9590493/0.151441/-0.2393539/-0.8430263/0/0/0/1
76#0.8444445#-0.2831212/0.5204593/-0.8055834/0.491339/0.002707213/0.840381/0.5419894/0.5390433/0.9590803/0.1512678/-0.2393386/-0.843062/0/0/0/1
77#0.8555556#-0.2833735/0.5204202/-0.8055201/0.4914176/0.002684951/0.840377/0.5419958/0.5390797/0.9590061/0.1514244/-0.239538/-0.843098/0/0/0/1
78#0.8666667#-0.2832725/0.5200888/-0.8057694/0.49152/0.002474755/0.8405774/0.5416858/0.5391269/0.9590362/0.1514506/-0.2393996/-0.8431494/0/0/0/1
79#0.8777778#-0.2831573/0.5203137/-0.8056651/0.4915941/0.002613307/0.8404603/0.541867/0.5391675/0.9590703/0.151328/-0.2393422/-0.8431981/0/0/0/1
80#0.8888889#-0.2832921/0.5203954/-0.8055646/0.4916946/0.002612352/0.840391/0.5419745/0.5391943/0.95903/0.1514327/-0.2394356/-0.8432276/0/0/0/1
81#0.9#-0.2832142/0.5203757/-0.8056051/0.4917907/0.002708913/0.8404278/0.5419171/0.5392243/0.9590532/0.1512962/-0.2394307/-0.8432583/0/0/0/1
82#0.9111111#-0.2831434/0.5203973/-0.8056158/0.4918913/0.002590984/0.840402/0.5419574/0.5392462/0.9590743/0.1513643/-0.2393027/-0.8433011/0/0/0/1
83#0.9222223#-0.2831706/0.5202819/-0.8056806/0.491992/0.002557963/0.8404717/0.5418496/0.5392951/0.9590662/0.151375/-0.2393277/-0.8433481/0/0/0/1
84#0.9333333#-0.2833155/0.5202168/-0.805672/0.4920976/0.002387376/0.8404729/0.5418484/0.5393341/0.9590243/0.1515904/-0.239361/-0.8433764/0/0/0/1
85#0.9444445#-0.2831753/0.5205032/-0.8055358/0.4921753/0.002643138/0.8403356/0.54206/0.5393769/0.9590644/0.1513689/-0.239338/-0.8434153/0/0/0/1
86#0.9555556#-0.2832175/0.5202321/-0.8056967/0.492277/0.002605767/0.8405076/0.5417936/0.5394312/0.9590526/0.1513458/-0.239402/-0.8434533/0/0/0/1
87#0.9666667#-0.2832901/0.5202936/-0.8056308/0.4923577/0.002606302/0.8404586/0.5418695/0.5394651/0.9590304/0.1514066/-0.2394496/-0.8434959/0/0/0/1
88#0.9777778#-0.2833464/0.5202945/-0.8056104/0.4924462/0.002650499/0.8404588/0.5418687/0.5395036/0.9590137/0.1514013/-0.23952/-0.8435304/0/0/0/1
89#0.9888889#-0.2832656/0.5205782/-0.8054562/0.4925381/0.002725692/0.8402888/0.5421326/0.5395273/0.9590382/0.1513719/-0.2394437/-0.8435757/0/0/0/1
90#1#-0.2831836/0.5203834/-0.8056108/0.4926488/0.002553702/0.8404012/0.5419588/0.5395644/0.9590627/0.1514165/-0.2393169/-0.8436291/0/0/0/1
91#1.011111#-0.2832404/0.5202317/-0.8056888/0.4927478/0.002442539/0.8404796/0.5418378/0.5396079/0.9590462/0.1515022/-0.2393284/-0.8436688/0/0/0/1
92#1.022222#-0.2834424/0.5203397/-0.8055477/0.4928344/0.002613813/0.8404126/0.5419408/0.5396461/0.958986/0.1515034/-0.2395686/-0.8436891/0/0/0/1
93#1.033333#-0.2833575/0.5203995/-0.8055393/0.4929454/0.002730311/0.8403998/0.5419602/0.5396949/0.959011/0.1513689/-0.2395545/-0.843739/0/0/0/1
94#1.044444#-0.2833056/0.5202909/-0.8056276/0.4930567/0.002576947/0.8404543/0.5418766/0.5397482/0.9590265/0.1514405/-0.2394462/-0.8437971/0/0/0/1
95#1.055556#-0.2831425/0.520416/-0.8056038/0.4931548/0.002532602/0.8403803/0.5419914/0.5397896/0.9590747/0.1514205/-0.2392653/-0.8438437/0/0/0/1
96#1.066667#-0.2833617/0.520359/-0.8055634/0.4932553/0.002730697/0.8404266/0.5419185/0.5398371/0.9590092/0.1513592/-0.2395656/-0.8438691/0/0/0/1
97#1.077778#-0.2831999/0.5202868/-0.8056665/0.4933617/0.002666949/0.8404822/0.5418323/0.5398855/0.9590566/0.1512984/-0.239412/-0.8439233/0/0/0/1
98#1.088889#-0.2831147/0.5202808/-0.8057011/0.4934611/0.002433568/0.8404585/0.5418706/0.5399272/0.959083/0.1514507/-0.2392125/-0.8439854/0/0/0/1
99#1.1#-0.2832611/0.5204088/-0.8055668/0.4935562/0.002613395/0.8403851/0.5419834/0.5399712/0.9590393/0.1514175/-0.2394085/-0.8440304/0/0/0/1
100#1.111111#-0.2831843/0.5203298/-0.8056449/0.4936775/0.002699137/0.8404601/0.5418667/0.540022/0.9590617/0.1512736/-0.2394096/-0.8440824/0/0/0/1
101#1.122222#-0.2831976/0.5202327/-0.8057028/0.49378/0.002520919/0.8404958/0.5418121/0.5400772/0.9590583/0.1514088/-0.2393379/-0.8441285/0/0/0/1
102#1.133333#-0.2830858/0.5203646/-0.8056573/0.4938874/0.00255254/0.8404241/0.5419235/0.5401131/0.9590918/0.1513542/-0.2392403/-0.8441822/0/0/0/1
103#1.144444#-0.2833077/0.5204177/-0.8055449/0.493983/0.002792865/0.8404027/0.5419553/0.5401624/0.959025/0.1512903/-0.2395461/-0.8442238/0/0/0/1
104#1.155556#-0.2832172/0.5203058/-0.8056485/0.4940978/0.002528488/0.8404459/0.5418895/0.5402106/0.9590524/0.1514354/-0.2393442/-0.8442997/0/0/0/1
105#1.166667#-0.2833341/0.5202743/-0.8056283/0.4942092/0.002569438/0.8404611/0.5418659/0.5402435/0.9590182/0.151459/-0.2394682/-0.8443378/0/0/0/1
106#1.177778#-0.2833242/0.5203907/-0.8055565/0.4943168/0.002623856/0.8403924/0.5419721/0.5402762/0.9590208/0.15144/-0.239469/-0.8443944/0/0/0/1
107#1.188889#-0.2830744/0.520296/-0.8057055/0.4944479/0.002549649/0.840471/0.5418507/0.5403212/0.9590949/0.1513297/-0.2392425/-0.8444676/0/0/0/1
108#1.2#-0.2833363/0.5203087/-0.8056053/0.4945437/0.002471507/0.840422/0.5419267/0.5403585/0.9590178/0.1515564/-0.2394081/-0.8445219/0/0/0/1
109#1.211111#-0.2833703/0.5202662/-0.8056201/0.4946631/0.002572477/0.8404632/0.5418624/0.5404006/0.9590069/0.1514754/-0.2395006/-0.8445672/0/0/0/1
110#1.222222#-0.283257/0.5204241/-0.8055584/0.4947841/0.002630204/0.840378/0.5419942/0.5404336/0.9590406/0.1514048/-0.2394118/-0.8446371/0/0/0/1
111#1.233333#-0.283356/0.5203435/-0.8055759/0.4949036/0.002468438/0.8403962/0.541967/0.5404745/0.959012/0.151581/-0.2394158/-0.8446956/0/0/0/1
112#1.244444#-0.2831378/0.5201699/-0.8057646/0.4950519/0.00243336/0.8405306/0.5417586/0.5405215/0.9590763/0.1514316/-0.2392519/-0.8447549/0/0/0/1
113#1.255556#-0.2831886/0.5204087/-0.8055925/0.4951594/0.002550036/0.8403831/0.541987/0.5405415/0.959061/0.1514302/-0.2393139/-0.8448166/0/0/0/1
114#1.266667#-0.2832971/0.5202447/-0.8056602/0.4952786/0.002443761/0.8404651/0.5418603/0.5405847/0.9590291/0.1515386/-0.2393728/-0.8448822/0/0/0/1
115#1.277778#-0.283259/0.5202804/-0.8056504/0.4954104/0.002656996/0.8404788/0.5418379/0.5406215/0.9590397/0.1513399/-0.2394557/-0.8449279/0/0/0/1
116#1.288889#-0.283245/0.5203103/-0.8056361/0.4955253/0.00262168/0.8404546/0.5418757/0.5406681/0.959044/0.1513715/-0.2394186/-0.8449923/0/0/0/1
117#1.3#-0.2832788/0.5202295/-0.8056765/0.4956419/0.002508313/0.8404875/0.5418252/0.540719/0.9590347/0.1514666/-0.239397/-0.8450589/0/0/0/1
118#1.311111#-0.2833247/0.520211/-0.8056722/0.4957744/0.002532304/0.8404988/0.5418075/0.5407623/0.9590209/0.1514672/-0.2394514/-0.8451197/0/0/0/1
119#1.322222#-0.2832197/0.5203482/-0.8056208/0.4958897/0.002619148/0.8404314/0.5419118/0.5408005/0.9590517/0.1513699/-0.2393897/-0.845179/0/0/0/1
120#1.333333#-0.2833188/0.5202435/-0.8056533/0.4960121/0.002498388/0.8404722/0.5418489/0.5408505/0.9590226/0.1515031/-0.2394214/-0.8452506/0/0/0/1
121#1.344445#-0.2832452/0.5202957/-0.8056458/0.4961412/0.00249365/0.8404444/0.5418924/0.5408918/0.9590445/0.1514794/-0.2393493/-0.8453188/0/0/0/1
122#1.355556#-0.2832115/0.5203028/-0.8056527/0.4962773/0.00259909/0.8404596/0.5418679/0.5409276/0.959054/0.1513692/-0.2393801/-0.8453662/0/0/0/1
123#1.366667#-0.2832355/0.5203163/-0.8056358/0.4963963/0.002522797/0.8404358/0.5419053/0.5409721/0.9590474/0.1514542/-0.239354/-0.8454306/0/0/0/1
124#1.377778#-0.2831953/0.5203145/-0.8056512/0.4965285/0.002462507/0.8404319/0.5419116/0.5410187/0.9590595/0.1514828/-0.2392877/-0.8454974/0/0/0/1
125#1.388889#-0.2832122/0.5203988/-0.8055908/0.4966468/0.002549411/0.8403872/0.5419807/0.541064/0.9590542/0.1514417/-0.2393346/-0.845547/0/0/0/1
126#1.4#-0.2832581/0.5203938/-0.8055775/0.4967747/0.0026232/0.8403972/0.5419647/0.5411111/0.9590402/0.1514027/-0.2394145/-0.8456077/0/0/0/1
127#1.411111#-0.2833047/0.5202931/-0.8056266/0.4969134/0.002569736/0.8404517/0.5418806/0.5411612/0.9590271/0.1514469/-0.2394409/-0.8456777/0/0/0/1
128#1.422222#-0.2831986/0.5202707/-0.8056779/0.4970553/0.002484769/0.8404645/0.5418609/0.5412046/0.959058/0.1514524/-0.2393111/-0.8457537/0/0/0/1
129#1.433333#-0.2831315/0.5203516/-0.8056496/0.4971775/0.002710522/0.8404528/0.541878/0.5412465/0.9590777/0.1512389/-0.2393692/-0.845812/0/0/0/1
130#1.444445#-0.2832845/0.5203695/-0.8055843/0.4972969/0.002503872/0.8403919/0.5419735/0.5412798/0.9590329/0.1515155/-0.2393729/-0.8458816/0/0/0/1
131#1.455556#-0.2831233/0.5203475/-0.8056554/0.4974353/0.002503753/0.8404241/0.541924/0.5413225/0.9590806/0.151414/-0.2392465/-0.8459544/0/0/0/1
132#1.466667#-0.2832219/0.5202528/-0.8056809/0.4975623/0.002464771/0.8404709/0.541851/0.5413744/0.959051/0.1514784/-0.239322/-0.8460203/0/0/0/1
133#1.477778#-0.2832248/0.5203342/-0.8056282/0.497682/0.002550364/0.8404294/0.5419152/0.5414196/0.9590505/0.151429/-0.2393576/-0.8460876/0/0/0/1
134#1.488889#-0.2833249/0.5203869/-0.8055587/0.4978095/0.00243035/0.8403642/0.5420167/0.5414648/0.9590211/0.151609/-0.2393609/-0.8461593/0/0/0/1
135#1.5#-0.2831525/0.5203286/-0.8056569/0.4979398/0.002482057/0.84043/0.5419143/0.5415221/0.9590721/0.1514446/-0.2392613/-0.8462415/0/0/0/1
136#1.511111#-0.2832056/0.5202747/-0.8056733/0.4980762/0.002589942/0.8404779/0.54184/0.5415646/0.9590563/0.1513653/-0.2393755/-0.8462975/0/0/0/1
137#1.522222#-0.2831652/0.5202542/-0.8057005/0.498212/0.00233239/0.8404551/0.5418763/0.5416079/0.9590685/0.1515613/-0.2392011/-0.8463895/0/0/0/1
138#1.533333#-0.2831386/0.5204998/-0.8055511/0.4983277/0.002535254/0.8403249/0.5420773/0.5416423/0.9590756/0.1514408/-0.239248/-0.846457/0/0/0/1
139#1.544444#-0.2832066/0.5203322/-0.8056356/0.498467/0.002501935/0.840425/0.5419222/0.5416915/0.9590557/0.1514602/-0.2393158/-0.846523/0/0/0/1
140#1.555556#-0.2832122/0.5203205/-0.8056411/0.4986001/0.002418012/0.8404192/0.5419316/0.5417293/0.9590544/0.1515336/-0.2392751/-0.8466003/0/0/0/1
141#1.566667#-0.2832363/0.5204146/-0.8055719/0.4987208/0.002598852/0.8403817/0.5419887/0.5417678/0.9590467/0.1514172/-0.239379/-0.8466702/0/0/0/1
142#1.577778#-0.2833151/0.5202696/-0.805638/0.4988605/0.002541781/0.8404619/0.5418649/0.5418184/0.9590237/0.1514707/-0.239438/-0.8467425/0/0/0/1
143#1.588889#-0.2831371/0.5203985/-0.8056174/0.4989955/0.002547503/0.840395/0.5419685/0.5418543/0.9590766/0.1513989/-0.2392727/-0.846826/0/0/0/1
144#1.6#-0.2830803/0.5203679/-0.8056562/0.4991459/0.002554982/0.8404226/0.5419252/0.5419002/0.9590924/0.1513501/-0.2392365/-0.8468962/0/0/0/1
145#1.611111#-0.2830696/0.520453/-0.8056056/0.4992737/0.002553642/0.8403665/0.5420126/0.5419347/0.9590961/0.15137/-0.2392112/-0.8469775/0/0/0/1
146#1.622222#-0.2832113/0.5204769/-0.8055406/0.4994154/0.002417952/0.8403139/0.5420949/0.541962/0.9590547/0.1515796/-0.239245/-0.8470531/0/0/0/1
147#1.633333#-0.2831824/0.520357/-0.8056281/0.4995641/0.002600878/0.8404265/0.5419194/0.5420096/0.9590626/0.1513666/-0.2393474/-0.8471152/0/0/0/1
148#1.644444#-0.2831784/0.5203926/-0.8056064/0.4997128/0.002501101/0.8403871/0.5419808/0.5420508/0.9590642/0.1514623/-0.2392811/-0.8471973/0/0/0/1
149#1.655556#-0.2831047/0.5204515/-0.8055945/0.4998569/0.002383948/0.840337/0.5420593/0.5420797/0.9590864/0.1515389/-0.2391441/-0.8472877/0/0/0/1
150#1.666667#-0.2832176/0.520312/-0.8056449/0.5000033/0.002558857/0.8404465/0.5418887/0.5421401/0.9590524/0.1514108/-0.2393607/-0.8473539/0/0/0/1
151#1.677778#-0.2832348/0.5204277/-0.8055638/0.5001358/0.002549917/0.8403654/0.5420144/0.5421808/0.9590472/0.1514632/-0.2393478/-0.8474407/0/0/0/1
152#1.688889#-0.2831172/0.5203625/-0.8056473/0.5002936/0.002445132/0.8404051/0.5419531/0.542225/0.9590822/0.1514664/-0.2392055/-0.8475318/0/0/0/1
153#1.7#-0.2832405/0.5203899/-0.8055866/0.5004434/0.002458513/0.8403758/0.5419987/0.542269/0.959046/0.1515353/-0.2393079/-0.8476142/0/0/0/1
154#1.711111#-0.2831989/0.5203598/-0.8056208/0.5005915/0.002494783/0.8404062/0.5419515/0.5423179/0.9590585/0.1514701/-0.2393003/-0.8476925/0/0/0/1
155#1.722222#-0.2830901/0.5203891/-0.8056393/0.5007453/0.002447604/0.8403905/0.5419757/0.5423605/0.9590898/0.1514562/-0.2391798/-0.8477888/0/0/0/1
156#1.733333#-0.2832093/0.5204467/-0.8055607/0.5008774/0.002519399/0.8403505/0.5420377/0.5424021/0.9590548/0.1514805/-0.2393064/-0.8478624/0/0/0/1
157#1.744444#-0.2832093/0.5204467/-0.8055607/0.5008774/0.002519399/0.8403505/0.5420377/0.5424021/0.9590548/0.1514805/-0.2393064/-0.8478624/0/0/0/1
158#1.755556#-0.2831274/0.5203559/-0.8056485/0.5011754/0.002490492/0.8404157/0.5419369/0.5424857/0.9590797/0.1514306/-0.2392408/-0.8480464/0/0/0/1
159#1.766667#-0.2829721/0.5203785/-0.8056881/0.5013347/0.002446204/0.84041/0.5419456/0.5425318/0.959125/0.1513846/-0.2390856/-0.8481382/0/0/0/1
160#1.777778#-0.2831713/0.5202899/-0.8056753/0.5014899/0.002516687/0.8404596/0.5418685/0.542585/0.9590662/0.1514139/-0.2393035/-0.8482186/0/0/0/1
161#1.788889#-0.2831509/0.5203388/-0.8056509/0.5016344/0.002442926/0.8404172/0.5419345/0.5426189/0.9590725/0.1514811/-0.239236/-0.848313/0/0/0/1
162#1.8#-0.2831509/0.5203388/-0.8056509/0.5016344/0.002442926/0.8404172/0.5419345/0.5426189/0.9590725/0.1514811/-0.239236/-0.848313/0/0/0/1
163#1.811111#-0.2831509/0.5203388/-0.8056509/0.5016344/0.002442926/0.8404172/0.5419345/0.5426189/0.9590725/0.1514811/-0.239236/-0.848313/0/0/0/1
164#1.822222#-0.2831509/0.5203388/-0.8056509/0.5016344/0.002442926/0.8404172/0.5419345/0.5426189/0.9590725/0.1514811/-0.239236/-0.848313/0/0/0/1
165#1.833333#-0.2831509/0.5203388/-0.8056509/0.5016344/0.002442926/0.8404172/0.5419345/0.5426189/0.9590725/0.1514811/-0.239236/-0.848313/0/0/0/1
166#1.844445#-0.2831509/0.5203388/-0.8056509/0.5016344/0.002442926/0.8404172/0.5419345/0.5426189/0.9590725/0.1514811/-0.239236/-0.848313/0/0/0/1
167#1.855556#-0.2831509/0.5203388/-0.8056509/0.5016344/0.002442926/0.8404172/0.5419345/0.5426189/0.9590725/0.1514811/-0.239236/-0.848313/0/0/0/1
168#1.866667#-0.2831509/0.5203388/-0.8056509/0.5016344/0.002442926/0.8404172/0.5419345/0.5426189/0.9590725/0.1514811/-0.239236/-0.848313/0/0/0/1
169#1.877778#-0.2831509/0.5203388/-0.8056509/0.5016344/0.002442926/0.8404172/0.5419345/0.5426189/0.9590725/0.1514811/-0.239236/-0.848313/0/0/0/1
170#1.888889#-0.2831509/0.5203388/-0.8056509/0.5016344/0.002442926/0.8404172/0.5419345/0.5426189/0.9590725/0.1514811/-0.239236/-0.848313/0/0/0/1
171#1.9#-0.2831509/0.5203388/-0.8056509/0.5016344/0.002442926/0.8404172/0.5419345/0.5426189/0.9590725/0.1514811/-0.239236/-0.848313/0/0/0/1
172#1.911111#-0.2831509/0.5203388/-0.8056509/0.5016344/0.002442926/0.8404172/0.5419345/0.5426189/0.9590725/0.1514811/-0.239236/-0.848313/0/0/0/1
173#1.922222#-0.2831509/0.5203388/-0.8056509/0.5016344/0.002442926/0.8404172/0.5419345/0.5426189/0.9590725/0.1514811/-0.239236/-0.848313/0/0/0/1
174#1.933333#-0.2831509/0.5203388/-0.8056509/0.5016344/0.002442926/0.8404172/0.5419345/0.5426189/0.9590725/0.1514811/-0.239236/-0.848313/0/0/0/1
175#1.944445#-0.2831509/0.5203388/-0.8056509/0.5016344/0.002442926/0.8404172/0.5419345/0.5426189/0.9590725/0.1514811/-0.239236/-0.848313/0/0/0/1
176#1.955556#-0.2831509/0.5203388/-0.8056509/0.5016344/0.002442926/0.8404172/0.5419345/0.5426189/0.9590725/0.1514811/-0.239236/-0.848313/0/0/0/1
177#1.966667#-0.2831509/0.5203388/-0.8056509/0.5016344/0.002442926/0.8404172/0.5419345/0.5426189/0.9590725/0.1514811/-0.239236/-0.848313/0/0/0/1
178#1.977778#-0.2831509/0.5203388/-0.8056509/0.5016344/0.002442926/0.8404172/0.5419345/0.5426189/0.9590725/0.1514811/-0.239236/-0.848313/0/0/0/1
179#1.988889#-0.2831509/0.5203388/-0.8056509/0.5016344/0.002442926/0.8404172/0.5419345/0.5426189/0.9590725/0.1514811/-0.239236/-0.848313/0/0/0/1
180#2#-0.2831509/0.5203388/-0.8056509/0.5016344/0.002442926/0.8404172/0.5419345/0.5426189/0.9590725/0.1514811/-0.239236/-0.848313/0/0/0/1
181#2.011111#-0.2831509/0.5203388/-0.8056509/0.5016344/0.002442926/0.8404172/0.5419345/0.5426189/0.9590725/0.1514811/-0.239236/-0.848313/0/0/0/1
182#2.022222#-0.2831509/0.5203388/-0.8056509/0.5016344/0.002442926/0.8404172/0.5419345/0.5426189/0.9590725/0.1514811/-0.239236/-0.848313/0/0/0/1
183#2.033333#-0.2831509/0.5203388/-0.8056509/0.5016344/0.002442926/0.8404172/0.5419345/0.5426189/0.9590725/0.1514811/-0.239236/-0.848313/0/0/0/1
184#2.044445#-0.2831509/0.5203388/-0.8056509/0.5016344/0.002442926/0.8404172/0.5419345/0.5426189/0.9590725/0.1514811/-0.239236/-0.848313/0/0/0/1
185#2.055556#-0.2831509/0.5203388/-0.8056509/0.5016344/0.002442926/0.8404172/0.5419345/0.5426189/0.9590725/0.1514811/-0.239236/-0.848313/0/0/0/1
186#2.066667#-0.2831509/0.5203388/-0.8056509/0.5016344/0.002442926/0.8404172/0.5419345/0.5426189/0.9590725/0.1514811/-0.239236/-0.848313/0/0/0/1
187#2.077778#-0.2831509/0.5203388/-0.8056509/0.5016344/0.002442926/0.8404172/0.5419345/0.5426189/0.9590725/0.1514811/-0.239236/-0.848313/0/0/0/1
188#2.088889#-0.2831509/0.5203388/-0.8056509/0.5016344/0.002442926/0.8404172/0.5419345/0.5426189/0.9590725/0.1514811/-0.239236/-0.848313/0/0/0/1
189#2.1#-0.2831509/0.5203388/-0.8056509/0.5016344/0.002442926/0.8404172/0.5419345/0.5426189/0.9590725/0.1514811/-0.239236/-0.848313/0/0/0/1
190#2.111111#-0.2831509/0.5203388/-0.8056509/0.5016344/0.002442926/0.8404172/0.5419345/0.5426189/0.9590725/0.1514811/-0.239236/-0.848313/0/0/0/1
191#2.122222#-0.2831509/0.5203388/-0.8056509/0.5016344/0.002442926/0.8404172/0.5419345/0.5426189/0.9590725/0.1514811/-0.239236/-0.848313/0/0/0/1
192#2.133333#-0.2831509/0.5203388/-0.8056509/0.5016344/0.002442926/0.8404172/0.5419345/0.5426189/0.9590725/0.1514811/-0.239236/-0.848313/0/0/0/1
193#2.144444#-0.2831509/0.5203388/-0.8056509/0.5016344/0.002442926/0.8404172/0.5419345/0.5426189/0.9590725/0.1514811/-0.239236/-0.848313/0/0/0/1
194#2.155556#-0.2831509/0.5203388/-0.8056509/0.5016344/0.002442926/0.8404172/0.5419345/0.5426189/0.9590725/0.1514811/-0.239236/-0.848313/0/0/0/1
195#2.166667#-0.2831509/0.5203388/-0.8056509/0.5016344/0.002442926/0.8404172/0.5419345/0.5426189/0.9590725/0.1514811/-0.239236/-0.848313/0/0/0/1
196#2.177778#-0.2831509/0.5203388/-0.8056509/0.5016344/0.002442926/0.8404172/0.5419345/0.5426189/0.9590725/0.1514811/-0.239236/-0.848313/0/0/0/1
197#2.188889#-0.2831509/0.5203388/-0.8056509/0.5016344/0.002442926/0.8404172/0.5419345/0.5426189/0.9590725/0.1514811/-0.239236/-0.848313/0/0/0/1
198#2.2#-0.2831509/0.5203388/-0.8056509/0.5016344/0.002442926/0.8404172/0.5419345/0.5426189/0.9590725/0.1514811/-0.239236/-0.848313/0/0/0/1
199#2.211111#-0.2831509/0.5203388/-0.8056509/0.5016344/0.002442926/0.8404172/0.5419345/0.5426189/0.9590725/0.1514811/-0.239236/-0.848313/0/0/0/1
200#2.222222#-0.2831509/0.5203388/-0.8056509/0.5016344/0.002442926/0.8404172/0.5419345/0.5426189/0.9590725/0.1514811/-0.239236/-0.848313/0/0/0/1
201#2.233333#-0.2831509/0.5203388/-0.8056509/0.5016344/0.002442926/0.8404172/0.5419345/0.5426189/0.9590725/0.1514811/-0.239236/-0.848313/0/0/0/1
202#2.244445#-0.2831509/0.5203388/-0.8056509/0.5016344/0.002442926/0.8404172/0.5419345/0.5426189/0.9590725/0.1514811/-0.239236/-0.848313/0/0/0/1
203#2.255556#-0.2831509/0.5203388/-0.8056509/0.5016344/0.002442926/0.8404172/0.5419345/0.5426189/0.9590725/0.1514811/-0.239236/-0.848313/0/0/0/1
204#2.266667#-0.2831509/0.5203388/-0.8056509/0.5016344/0.002442926/0.8404172/0.5419345/0.5426189/0.9590725/0.1514811/-0.239236/-0.848313/0/0/0/1
205#2.277778#-0.2831509/0.5203388/-0.8056509/0.5016344/0.002442926/0.8404172/0.5419345/0.5426189/0.9590725/0.1514811/-0.239236/-0.848313/0/0/0/1
206#2.288889#-0.2831509/0.5203388/-0.8056509/0.5016344/0.002442926/0.8404172/0.5419345/0.5426189/0.9590725/0.1514811/-0.239236/-0.848313/0/0/0/1
207#2.3#-0.2831509/0.5203388/-0.8056509/0.5016344/0.002442926/0.8404172/0.5419345/0.5426189/0.9590725/0.1514811/-0.239236/-0.848313/0/0/0/1
208#2.311111#-0.2831509/0.5203388/-0.8056509/0.5016344/0.002442926/0.8404172/0.5419345/0.5426189/0.9590725/0.1514811/-0.239236/-0.848313/0/0/0/1
209#2.322222#-0.2831509/0.5203388/-0.8056509/0.5016344/0.002442926/0.8404172/0.5419345/0.5426189/0.9590725/0.1514811/-0.239236/-0.848313/0/0/0/1
210#2.333333#-0.2831509/0.5203388/-0.8056509/0.5016344/0.002442926/0.8404172/0.5419345/0.5426189/0.9590725/0.1514811/-0.239236/-0.848313/0/0/0/1
211#2.344445#-0.2831509/0.5203388/-0.8056509/0.5016344/0.002442926/0.8404172/0.5419345/0.5426189/0.9590725/0.1514811/-0.239236/-0.848313/0/0/0/1
212#2.355556#-0.2831509/0.5203388/-0.8056509/0.5016344/0.002442926/0.8404172/0.5419345/0.5426189/0.9590725/0.1514811/-0.239236/-0.848313/0/0/0/1
213#2.366667#-0.2831509/0.5203388/-0.8056509/0.5016344/0.002442926/0.8404172/0.5419345/0.5426189/0.9590725/0.1514811/-0.239236/-0.848313/0/0/0/1
214#2.377778#-0.2831509/0.5203388/-0.8056509/0.5016344/0.002442926/0.8404172/0.5419345/0.5426189/0.9590725/0.1514811/-0.239236/-0.848313/0/0/0/1
215#2.388889#-0.2831509/0.5203388/-0.8056509/0.5016344/0.002442926/0.8404172/0.5419345/0.5426189/0.9590725/0.1514811/-0.239236/-0.848313/0/0/0/1
216#2.4#-0.2831509/0.5203388/-0.8056509/0.5016344/0.002442926/0.8404172/0.5419345/0.5426189/0.9590725/0.1514811/-0.239236/-0.848313/0/0/0/1
217#2.411111#-0.2831509/0.5203388/-0.8056509/0.5016344/0.002442926/0.8404172/0.5419345/0.5426189/0.9590725/0.1514811/-0.239236/-0.848313/0/0/0/1
218#2.422222#-0.2831509/0.5203388/-0.8056509/0.5016344/0.002442926/0.8404172/0.5419345/0.5426189/0.9590725/0.1514811/-0.239236/-0.848313/0/0/0/1
219#2.433333#-0.2831509/0.5203388/-0.8056509/0.5016344/0.002442926/0.8404172/0.5419345/0.5426189/0.9590725/0.1514811/-0.239236/-0.848313/0/0/0/1
220#2.444444#-0.2831509/0.5203388/-0.8056509/0.5016344/0.002442926/0.8404172/0.5419345/0.5426189/0.9590725/0.1514811/-0.239236/-0.848313/0/0/0/1
221#2.455556#-0.2831509/0.5203388/-0.8056509/0.5016344/0.002442926/0.8404172/0.5419345/0.5426189/0.9590725/0.1514811/-0.239236/-0.848313/0/0/0/1
222#2.466667#-0.2831509/0.5203388/-0.8056509/0.5016344/0.002442926/0.8404172/0.5419345/0.5426189/0.9590725/0.1514811/-0.239236/-0.848313/0/0/0/1
223#2.477778#-0.2831509/0.5203388/-0.8056509/0.5016344/0.002442926/0.8404172/0.5419345/0.5426189/0.9590725/0.1514811/-0.239236/-0.848313/0/0/0/1
224#2.488889#-0.2831509/0.5203388/-0.8056509/0.5016344/0.002442926/0.8404172/0.5419345/0.5426189/0.9590725/0.1514811/-0.239236/-0.848313/0/0/0/1
225#2.5#-0.2831509/0.5203388/-0.8056509/0.5016344/0.002442926/0.8404172/0.5419345/0.5426189/0.9590725/0.1514811/-0.239236/-0.848313/0/0/0/1
226#2.511111#-0.2831509/0.5203388/-0.8056509/0.5016344/0.002442926/0.8404172/0.5419345/0.5426189/0.9590725/0.1514811/-0.239236/-0.848313/0/0/0/1
227#2.522222#-0.2831509/0.5203388/-0.8056509/0.5016344/0.002442926/0.8404172/0.5419345/0.5426189/0.9590725/0.1514811/-0.239236/-0.848313/0/0/0/1
228#2.533333#-0.2831509/0.5203388/-0.8056509/0.5016344/0.002442926/0.8404172/0.5419345/0.5426189/0.9590725/0.1514811/-0.239236/-0.848313/0/0/0/1
229#2.544445#-0.2831509/0.5203388/-0.8056509/0.5016344/0.002442926/0.8404172/0.5419345/0.5426189/0.9590725/0.1514811/-0.239236/-0.848313/0/0/0/1
230#2.555556#-0.2831509/0.5203388/-0.8056509/0.5016344/0.002442926/0.8404172/0.5419345/0.5426189/0.9590725/0.1514811/-0.239236/-0.848313/0/0/0/1
231#2.566667#-0.2831509/0.5203388/-0.8056509/0.5016344/0.002442926/0.8404172/0.5419345/0.5426189/0.9590725/0.1514811/-0.239236/-0.848313/0/0/0/1
232#2.577778#-0.2831509/0.5203388/-0.8056509/0.5016344/0.002442926/0.8404172/0.5419345/0.5426189/0.9590725/0.1514811/-0.239236/-0.848313/0/0/0/1
233#2.588889#-0.2831509/0.5203388/-0.8056509/0.5016344/0.002442926/0.8404172/0.5419345/0.5426189/0.9590725/0.1514811/-0.239236/-0.848313/0/0/0/1
234#2.6#-0.2831509/0.5203388/-0.8056509/0.5016344/0.002442926/0.8404172/0.5419345/0.5426189/0.9590725/0.1514811/-0.239236/-0.848313/0/0/0/1
235#2.611111#-0.2831509/0.5203388/-0.8056509/0.5016344/0.002442926/0.8404172/0.5419345/0.5426189/0.9590725/0.1514811/-0.239236/-0.848313/0/0/0/1
236#2.622222#-0.2831509/0.5203388/-0.8056509/0.5016344/0.002442926/0.8404172/0.5419345/0.5426189/0.9590725/0.1514811/-0.239236/-0.848313/0/0/0/1
237#2.633333#-0.2831509/0.5203388/-0.8056509/0.5016344/0.002442926/0.8404172/0.5419345/0.5426189/0.9590725/0.1514811/-0.239236/-0.848313/0/0/0/1
238#2.644444#-0.2831509/0.5203388/-0.8056509/0.5016344/0.002442926/0.8404172/0.5419345/0.5426189/0.9590725/0.1514811/-0.239236/-0.848313/0/0/0/1
239#2.655556#-0.2831509/0.5203388/-0.8056509/0.5016344/0.002442926/0.8404172/0.5419345/0.5426189/0.9590725/0.1514811/-0.239236/-0.848313/0/0/0/1
240#2.666667#-0.2831509/0.5203388/-0.8056509/0.5016344/0.002442926/0.8404172/0.5419345/0.5426189/0.9590725/0.1514811/-0.239236/-0.848313/0/0/0/1
241#2.677778#-0.2831509/0.5203388/-0.8056509/0.5016344/0.002442926/0.8404172/0.5419345/0.5426189/0.9590725/0.1514811/-0.239236/-0.848313/0/0/0/1
242#2.688889#-0.2831509/0.5203388/-0.8056509/0.5016344/0.002442926/0.8404172/0.5419345/0.5426189/0.9590725/0.1514811/-0.239236/-0.848313/0/0/0/1
243#2.7#-0.2831509/0.5203388/-0.8056509/0.5016344/0.002442926/0.8404172/0.5419345/0.5426189/0.9590725/0.1514811/-0.239236/-0.848313/0/0/0/1
244#2.711111#-0.2831509/0.5203388/-0.8056509/0.5016344/0.002442926/0.8404172/0.5419345/0.5426189/0.9590725/0.1514811/-0.239236/-0.848313/0/0/0/1
245#2.722222#-0.2831509/0.5203388/-0.8056509/0.5016344/0.002442926/0.8404172/0.5419345/0.5426189/0.9590725/0.1514811/-0.239236/-0.848313/0/0/0/1
246#2.733333#-0.2831509/0.5203388/-0.8056509/0.5016344/0.002442926/0.8404172/0.5419345/0.5426189/0.9590725/0.1514811/-0.239236/-0.848313/0/0/0/1
247#2.744445#-0.2831509/0.5203388/-0.8056509/0.5016344/0.002442926/0.8404172/0.5419345/0.5426189/0.9590725/0.1514811/-0.239236/-0.848313/0/0/0/1
248#2.755556#-0.2831509/0.5203388/-0.8056509/0.5016344/0.002442926/0.8404172/0.5419345/0.5426189/0.9590725/0.1514811/-0.239236/-0.848313/0/0/0/1
249#2.766667#-0.2831509/0.5203388/-0.8056509/0.5016344/0.002442926/0.8404172/0.5419345/0.5426189/0.9590725/0.1514811/-0.239236/-0.848313/0/0/0/1
250#2.777778#-0.2831509/0.5203388/-0.8056509/0.5016344/0.002442926/0.8404172/0.5419345/0.5426189/0.9590725/0.1514811/-0.239236/-0.848313/0/0/0/1
251#2.788889#-0.2831509/0.5203388/-0.8056509/0.5016344/0.002442926/0.8404172/0.5419345/0.5426189/0.9590725/0.1514811/-0.239236/-0.848313/0/0/0/1
252#2.8#-0.2831509/0.5203388/-0.8056509/0.5016344/0.002442926/0.8404172/0.5419345/0.5426189/0.9590725/0.1514811/-0.239236/-0.848313/0/0/0/1
253#2.811111#-0.2831509/0.5203388/-0.8056509/0.5016344/0.002442926/0.8404172/0.5419345/0.5426189/0.9590725/0.1514811/-0.239236/-0.848313/0/0/0/1
254#2.822222#-0.2831509/0.5203388/-0.8056509/0.5016344/0.002442926/0.8404172/0.5419345/0.5426189/0.9590725/0.1514811/-0.239236/-0.848313/0/0/0/1
255#2.833333#-0.2831509/0.5203388/-0.8056509/0.5016344/0.002442926/0.8404172/0.5419345/0.5426189/0.9590725/0.1514811/-0.239236/-0.848313/0/0/0/1
256#2.844445#-0.2831509/0.5203388/-0.8056509/0.5016344/0.002442926/0.8404172/0.5419345/0.5426189/0.9590725/0.1514811/-0.239236/-0.848313/0/0/0/1
257#2.855556#-0.2831509/0.5203388/-0.8056509/0.5016344/0.002442926/0.8404172/0.5419345/0.5426189/0.9590725/0.1514811/-0.239236/-0.848313/0/0/0/1
258#2.866667#-0.2831509/0.5203388/-0.8056509/0.5016344/0.002442926/0.8404172/0.5419345/0.5426189/0.9590725/0.1514811/-0.239236/-0.848313/0/0/0/1
259#2.877778#-0.2831509/0.5203388/-0.8056509/0.5016344/0.002442926/0.8404172/0.5419345/0.5426189/0.9590725/0.1514811/-0.239236/-0.848313/0/0/0/1
260#2.888889#-0.2831509/0.5203388/-0.8056509/0.5016344/0.002442926/0.8404172/0.5419345/0.5426189/0.9590725/0.1514811/-0.239236/-0.848313/0/0/0/1
261#2.9#-0.2831509/0.5203388/-0.8056509/0.5016344/0.002442926/0.8404172/0.5419345/0.5426189/0.9590725/0.1514811/-0.239236/-0.848313/0/0/0/1
262#2.911111#-0.2831509/0.5203388/-0.8056509/0.5016344/0.002442926/0.8404172/0.5419345/0.5426189/0.9590725/0.1514811/-0.239236/-0.848313/0/0/0/1
263#2.922222#-0.2831509/0.5203388/-0.8056509/0.5016344/0.002442926/0.8404172/0.5419345/0.5426189/0.9590725/0.1514811/-0.239236/-0.848313/0/0/0/1
264#2.933333#-0.2831509/0.5203388/-0.8056509/0.5016344/0.002442926/0.8404172/0.5419345/0.5426189/0.9590725/0.1514811/-0.239236/-0.848313/0/0/0/1
265#2.944444#-0.2831509/0.5203388/-0.8056509/0.5016344/0.002442926/0.8404172/0.5419345/0.5426189/0.9590725/0.1514811/-0.239236/-0.848313/0/0/0/1
266#2.955556#-0.2831509/0.5203388/-0.8056509/0.5016344/0.002442926/0.8404172/0.5419345/0.5426189/0.9590725/0.1514811/-0.239236/-0.848313/0/0/0/1
267#2.966667#-0.2831509/0.5203388/-0.8056509/0.5016344/0.002442926/0.8404172/0.5419345/0.5426189/0.9590725/0.1514811/-0.239236/-0.848313/0/0/0/1
268#2.977778#-0.2831509/0.5203388/-0.8056509/0.5016344/0.002442926/0.8404172/0.5419345/0.5426189/0.9590725/0.1514811/-0.239236/-0.848313/0/0/0/1
269#2.988889#-0.2831509/0.5203388/-0.8056509/0.5016344/0.002442926/0.8404172/0.5419345/0.5426189/0.9590725/0.1514811/-0.239236/-0.848313/0/0/0/1
270#3#-0.2831509/0.5203388/-0.8056509/0.5016344/0.002442926/0.8404172/0.5419345/0.5426189/0.9590725/0.1514811/-0.239236/-0.848313/0/0/0/1
271#3.011111#-0.2831509/0.5203388/-0.8056509/0.5016344/0.002442926/0.8404172/0.5419345/0.5426189/0.9590725/0.1514811/-0.239236/-0.848313/0/0/0/1
272#3.022222#-0.2831509/0.5203388/-0.8056509/0.5016344/0.002442926/0.8404172/0.5419345/0.5426189/0.9590725/0.1514811/-0.239236/-0.848313/0/0/0/1
273#3.033333#-0.2831509/0.5203388/-0.8056509/0.5016344/0.002442926/0.8404172/0.5419345/0.5426189/0.9590725/0.1514811/-0.239236/-0.848313/0/0/0/1
274#3.044445#-0.2831509/0.5203388/-0.8056509/0.5016344/0.002442926/0.8404172/0.5419345/0.5426189/0.9590725/0.1514811/-0.239236/-0.848313/0/0/0/1
275#3.055556#-0.2831509/0.5203388/-0.8056509/0.5016344/0.002442926/0.8404172/0.5419345/0.5426189/0.9590725/0.1514811/-0.239236/-0.848313/0/0/0/1
