0#0#1/0/0/0/0/1/0/0/0/0/1/0/0/0/0/1
1#0.01111111#1/0/0/0/0/1/0/0/0/0/1/0/0/0/0/1
2#0.02222222#0.9796973/-0.1540075/0.1283545/0.7929984/0.1156159/0.9570526/0.2658632/0.7642426/-0.1637869/-0.2456256/0.9554276/0.7407794/0/0/0/1
3#0.03333334#0.9796973/-0.1540075/0.1283545/0.7929984/0.1156159/0.9570526/0.2658632/0.7642426/-0.1637869/-0.2456256/0.9554276/0.7407794/0/0/0/1
4#0.04444445#0.9796973/-0.1540075/0.1283545/0.7929984/0.1156159/0.9570526/0.2658632/0.7642426/-0.1637869/-0.2456256/0.9554276/0.7407794/0/0/0/1
5#0.05555556#0.9796973/-0.1540075/0.1283545/0.7929984/0.1156159/0.9570526/0.2658632/0.7642426/-0.1637869/-0.2456256/0.9554276/0.7407794/0/0/0/1
6#0.06666667#0.9796973/-0.1540075/0.1283545/0.7929984/0.1156159/0.9570526/0.2658632/0.7642426/-0.1637869/-0.2456256/0.9554276/0.7407794/0/0/0/1
7#0.07777778#0.9796973/-0.1540075/0.1283545/0.7929984/0.1156159/0.9570526/0.2658632/0.7642426/-0.1637869/-0.2456256/0.9554276/0.7407794/0/0/0/1
8#0.08888889#0.9796973/-0.1540075/0.1283545/0.7929984/0.1156159/0.9570526/0.2658632/0.7642426/-0.1637869/-0.2456256/0.9554276/0.7407794/0/0/0/1
9#0.1#0.9796973/-0.1540075/0.1283545/0.7929984/0.1156159/0.9570526/0.2658632/0.7642426/-0.1637869/-0.2456256/0.9554276/0.7407794/0/0/0/1
10#0.1111111#0.9796973/-0.1540075/0.1283545/0.7929984/0.1156159/0.9570526/0.2658632/0.7642426/-0.1637869/-0.2456256/0.9554276/0.7407794/0/0/0/1
11#0.1222222#0.9796973/-0.1540075/0.1283545/0.7929984/0.1156159/0.9570526/0.2658632/0.7642426/-0.1637869/-0.2456256/0.9554276/0.7407794/0/0/0/1
12#0.1333333#0.9796973/-0.1540075/0.1283545/0.7929984/0.1156159/0.9570526/0.2658632/0.7642426/-0.1637869/-0.2456256/0.9554276/0.7407794/0/0/0/1
13#0.1444445#0.9796973/-0.1540075/0.1283545/0.7929984/0.1156159/0.9570526/0.2658632/0.7642426/-0.1637869/-0.2456256/0.9554276/0.7407794/0/0/0/1
14#0.1555556#0.9796973/-0.1540075/0.1283545/0.7929984/0.1156159/0.9570526/0.2658632/0.7642426/-0.1637869/-0.2456256/0.9554276/0.7407794/0/0/0/1
15#0.1666667#0.9796973/-0.1540075/0.1283545/0.7929984/0.1156159/0.9570526/0.2658632/0.7642426/-0.1637869/-0.2456256/0.9554276/0.7407794/0/0/0/1
16#0.1777778#0.9796973/-0.1540075/0.1283545/0.7929984/0.1156159/0.9570526/0.2658632/0.7642426/-0.1637869/-0.2456256/0.9554276/0.7407794/0/0/0/1
17#0.1888889#0.9796973/-0.1540075/0.1283545/0.7929984/0.1156159/0.9570526/0.2658632/0.7642426/-0.1637869/-0.2456256/0.9554276/0.7407794/0/0/0/1
18#0.2#0.9796973/-0.1540075/0.1283545/0.7929984/0.1156159/0.9570526/0.2658632/0.7642426/-0.1637869/-0.2456256/0.9554276/0.7407794/0/0/0/1
19#0.2111111#0.9796973/-0.1540075/0.1283545/0.7929984/0.1156159/0.9570526/0.2658632/0.7642426/-0.1637869/-0.2456256/0.9554276/0.7407794/0/0/0/1
20#0.2222222#0.9796973/-0.1540075/0.1283545/0.7929984/0.1156159/0.9570526/0.2658632/0.7642426/-0.1637869/-0.2456256/0.9554276/0.7407794/0/0/0/1
21#0.2333333#0.9796973/-0.1540075/0.1283545/0.7929984/0.1156159/0.9570526/0.2658632/0.7642426/-0.1637869/-0.2456256/0.9554276/0.7407794/0/0/0/1
22#0.2444444#0.9796973/-0.1540075/0.1283545/0.7929984/0.1156159/0.9570526/0.2658632/0.7642426/-0.1637869/-0.2456256/0.9554276/0.7407794/0/0/0/1
23#0.2555556#0.9796973/-0.1540075/0.1283545/0.7929984/0.1156159/0.9570526/0.2658632/0.7642426/-0.1637869/-0.2456256/0.9554276/0.7407794/0/0/0/1
24#0.2666667#0.9796973/-0.1540075/0.1283545/0.7929984/0.1156159/0.9570526/0.2658632/0.7642426/-0.1637869/-0.2456256/0.9554276/0.7407794/0/0/0/1
25#0.2777778#0.9796973/-0.1540075/0.1283545/0.7929984/0.1156159/0.9570526/0.2658632/0.7642426/-0.1637869/-0.2456256/0.9554276/0.7407794/0/0/0/1
26#0.2888889#0.9796973/-0.1540075/0.1283545/0.7929984/0.1156159/0.9570526/0.2658632/0.7642426/-0.1637869/-0.2456256/0.9554276/0.7407794/0/0/0/1
27#0.3#0.9796973/-0.1540075/0.1283545/0.7929984/0.1156159/0.9570526/0.2658632/0.7642426/-0.1637869/-0.2456256/0.9554276/0.7407794/0/0/0/1
28#0.3111111#0.9796973/-0.1540075/0.1283545/0.7929984/0.1156159/0.9570526/0.2658632/0.7642426/-0.1637869/-0.2456256/0.9554276/0.7407794/0/0/0/1
29#0.3222222#0.9796973/-0.1540075/0.1283545/0.7929984/0.1156159/0.9570526/0.2658632/0.7642426/-0.1637869/-0.2456256/0.9554276/0.7407794/0/0/0/1
30#0.3333333#0.9796802/-0.1542392/0.1282066/0.7927263/0.1159288/0.9570949/0.2655746/0.7635971/-0.1636679/-0.2453154/0.9555276/0.7414613/0/0/0/1
31#0.3444445#0.9796802/-0.1542392/0.1282066/0.7927263/0.1159288/0.9570949/0.2655746/0.7635971/-0.1636679/-0.2453154/0.9555276/0.7414613/0/0/0/1
32#0.3555556#0.9796802/-0.1542392/0.1282066/0.7927263/0.1159288/0.9570949/0.2655746/0.7635971/-0.1636679/-0.2453154/0.9555276/0.7414613/0/0/0/1
33#0.3666667#0.9796802/-0.1542392/0.1282066/0.7927263/0.1159288/0.9570949/0.2655746/0.7635971/-0.1636679/-0.2453154/0.9555276/0.7414613/0/0/0/1
34#0.3777778#0.9796531/-0.1544627/0.1281439/0.7926286/0.1162086/0.957135/0.2653075/0.7635298/-0.1636311/-0.2450179/0.9556105/0.7418807/0/0/0/1
35#0.3888889#0.979655/-0.1544728/0.1281172/0.7925994/0.1162188/0.9571238/0.2653443/0.7635304/-0.1636125/-0.2450563/0.9556036/0.7419026/0/0/0/1
36#0.4#0.9796624/-0.1544323/0.12811/0.7926303/0.1161726/0.9571155/0.2653936/0.7635413/-0.1636014/-0.2451133/0.9555909/0.7419543/0/0/0/1
37#0.4111111#0.9796646/-0.1544087/0.1281221/0.7926062/0.1161429/0.9571131/0.265415/0.7635106/-0.1636097/-0.2451372/0.9555834/0.7419722/0/0/0/1
38#0.4222222#0.9796335/-0.1546043/0.1281238/0.7926093/0.116344/0.9571058/0.2653542/0.7632949/-0.1636529/-0.2450434/0.9556001/0.7420933/0/0/0/1
39#0.4333333#0.9796252/-0.1545682/0.1282309/0.7926241/0.1162708/0.9570966/0.2654187/0.7632805/-0.1637547/-0.2451013/0.9555678/0.7421198/0/0/0/1
40#0.4444444#0.9797566/-0.1540128/0.1278948/0.7925007/0.115863/0.9572281/0.2651229/0.7629029/-0.1632568/-0.2449376/0.9556949/0.7430036/0/0/0/1
41#0.4555556#0.9797566/-0.1540128/0.1278948/0.7925007/0.115863/0.9572281/0.2651229/0.7629029/-0.1632568/-0.2449376/0.9556949/0.7430036/0/0/0/1
42#0.4666667#0.9797566/-0.1540128/0.1278948/0.7925007/0.115863/0.9572281/0.2651229/0.7629029/-0.1632568/-0.2449376/0.9556949/0.7430036/0/0/0/1
43#0.4777778#0.9797566/-0.1540128/0.1278948/0.7925007/0.115863/0.9572281/0.2651229/0.7629029/-0.1632568/-0.2449376/0.9556949/0.7430036/0/0/0/1
44#0.4888889#0.9797566/-0.1540128/0.1278948/0.7925007/0.115863/0.9572281/0.2651229/0.7629029/-0.1632568/-0.2449376/0.9556949/0.7430036/0/0/0/1
45#0.5#0.9797566/-0.1540128/0.1278948/0.7925007/0.115863/0.9572281/0.2651229/0.7629029/-0.1632568/-0.2449376/0.9556949/0.7430036/0/0/0/1
46#0.5111111#0.9797566/-0.1540128/0.1278948/0.7925007/0.115863/0.9572281/0.2651229/0.7629029/-0.1632568/-0.2449376/0.9556949/0.7430036/0/0/0/1
47#0.5222222#0.9797566/-0.1540128/0.1278948/0.7925007/0.115863/0.9572281/0.2651229/0.7629029/-0.1632568/-0.2449376/0.9556949/0.7430036/0/0/0/1
48#0.5333334#0.9797566/-0.1540128/0.1278948/0.7925007/0.115863/0.9572281/0.2651229/0.7629029/-0.1632568/-0.2449376/0.9556949/0.7430036/0/0/0/1
49#0.5444444#0.9797566/-0.1540128/0.1278948/0.7925007/0.115863/0.9572281/0.2651229/0.7629029/-0.1632568/-0.2449376/0.9556949/0.7430036/0/0/0/1
50#0.5555556#0.9797566/-0.1540128/0.1278948/0.7925007/0.115863/0.9572281/0.2651229/0.7629029/-0.1632568/-0.2449376/0.9556949/0.7430036/0/0/0/1
51#0.5666667#0.9797566/-0.1540128/0.1278948/0.7925007/0.115863/0.9572281/0.2651229/0.7629029/-0.1632568/-0.2449376/0.9556949/0.7430036/0/0/0/1
52#0.5777778#0.9797566/-0.1540128/0.1278948/0.7925007/0.115863/0.9572281/0.2651229/0.7629029/-0.1632568/-0.2449376/0.9556949/0.7430036/0/0/0/1
53#0.5888889#0.9797566/-0.1540128/0.1278948/0.7925007/0.115863/0.9572281/0.2651229/0.7629029/-0.1632568/-0.2449376/0.9556949/0.7430036/0/0/0/1
54#0.6#0.9797566/-0.1540128/0.1278948/0.7925007/0.115863/0.9572281/0.2651229/0.7629029/-0.1632568/-0.2449376/0.9556949/0.7430036/0/0/0/1
55#0.6111111#0.9797566/-0.1540128/0.1278948/0.7925007/0.115863/0.9572281/0.2651229/0.7629029/-0.1632568/-0.2449376/0.9556949/0.7430036/0/0/0/1
56#0.6222222#0.9797566/-0.1540128/0.1278948/0.7925007/0.115863/0.9572281/0.2651229/0.7629029/-0.1632568/-0.2449376/0.9556949/0.7430036/0/0/0/1
57#0.6333333#0.9797566/-0.1540128/0.1278948/0.7925007/0.115863/0.9572281/0.2651229/0.7629029/-0.1632568/-0.2449376/0.9556949/0.7430036/0/0/0/1
58#0.6444445#0.9797566/-0.1540128/0.1278948/0.7925007/0.115863/0.9572281/0.2651229/0.7629029/-0.1632568/-0.2449376/0.9556949/0.7430036/0/0/0/1
59#0.6555555#0.9797566/-0.1540128/0.1278948/0.7925007/0.115863/0.9572281/0.2651229/0.7629029/-0.1632568/-0.2449376/0.9556949/0.7430036/0/0/0/1
60#0.6666667#0.9797566/-0.1540128/0.1278948/0.7925007/0.115863/0.9572281/0.2651229/0.7629029/-0.1632568/-0.2449376/0.9556949/0.7430036/0/0/0/1
61#0.6777778#0.9797792/-0.1540036/0.1277321/0.7924733/0.1158835/0.9572074/0.2651887/0.7629012/-0.1631061/-0.2450243/0.9556984/0.7428811/0/0/0/1
62#0.6888889#0.9797358/-0.1541722/0.1278621/0.7924799/0.1160198/0.9571974/0.2651649/0.7628206/-0.1632704/-0.244957/0.9556876/0.7428586/0/0/0/1
63#0.7#0.9797639/-0.15404/0.1278059/0.7924635/0.1159059/0.9572132/0.2651577/0.7628524/-0.1631824/-0.2449785/0.9556972/0.7428784/0/0/0/1
64#0.7111111#0.9797634/-0.1541453/0.127683/0.7924391/0.1160059/0.9571463/0.2653551/0.7628008/-0.1631145/-0.2451732/0.9556588/0.7429268/0/0/0/1
65#0.7222223#0.9797598/-0.154181/0.1276667/0.7923383/0.11603/0.9571193/0.265442/0.762813/-0.1631183/-0.2452562/0.9556369/0.7430637/0/0/0/1
66#0.7333333#0.9797298/-0.1542815/0.127776/0.7923216/0.1161294/0.9571538/0.2652743/0.7626911/-0.1632282/-0.2450586/0.9556688/0.7430964/0/0/0/1
67#0.7444445#0.9797474/-0.1542168/0.1277185/0.7923613/0.1161016/0.9571913/0.2651513/0.7627696/-0.1631418/-0.2449531/0.9557105/0.7432318/0/0/0/1
68#0.7555556#0.979733/-0.1541791/0.1278755/0.7923708/0.1160159/0.9571861/0.2652073/0.7626857/-0.1632901/-0.2449968/0.955674/0.7432446/0/0/0/1
69#0.7666667#0.9797765/-0.1540569/0.1276889/0.7923622/0.1159433/0.9571952/0.2652067/0.762786/-0.1630801/-0.2450386/0.9556992/0.7432373/0/0/0/1
70#0.7777778#0.9797662/-0.1540337/0.1277954/0.7923651/0.1159254/0.9572482/0.2650232/0.7627721/-0.1631544/-0.244846/0.9557359/0.743293/0/0/0/1
71#0.7888889#0.9797735/-0.1538723/0.1279348/0.7925003/0.1157259/0.9572611/0.2650636/0.7626544/-0.1632529/-0.2448969/0.955706/0.7434309/0/0/0/1
72#0.8#0.9798136/-0.15378/0.1277377/0.7924623/0.1156772/0.9572542/0.2651097/0.7626342/-0.1630461/-0.2449817/0.9557196/0.7434735/0/0/0/1
73#0.8111112#0.9798009/-0.1539131/0.1276751/0.7925223/0.1158013/0.9572041/0.2652362/0.7627228/-0.1630344/-0.2450938/0.9556928/0.7431297/0/0/0/1
74#0.8222222#0.9798201/-0.1536707/0.1278196/0.7926041/0.115501/0.9571962/0.2653959/0.7628101/-0.163132/-0.245277/0.9556291/0.7427666/0/0/0/1
75#0.8333334#0.9798107/-0.1537377/0.127811/0.7926024/0.1155897/0.9572195/0.2652729/0.762777/-0.1631256/-0.2451437/0.9556645/0.7427907/0/0/0/1
76#0.8444445#0.9798095/-0.153738/0.1278193/0.7925885/0.1155884/0.9572207/0.2652696/0.7628881/-0.1631333/-0.2451392/0.9556643/0.7428684/0/0/0/1
77#0.8555556#0.9798265/-0.1536702/0.1277706/0.7925677/0.1155372/0.9572315/0.2652527/0.7628258/-0.1630674/-0.2451394/0.9556755/0.7428946/0/0/0/1
78#0.8666667#0.9798051/-0.1538188/0.127757/0.7925444/0.1156706/0.9571907/0.2653418/0.7629049/-0.1631024/-0.2452056/0.9556525/0.7427814/0/0/0/1
79#0.8777778#0.9798282/-0.153627/0.12781/0.7925494/0.1154757/0.9572235/0.2653083/0.7628865/-0.1631012/-0.2451977/0.9556547/0.7428112/0/0/0/1
80#0.8888889#0.9798184/-0.1537247/0.127768/0.79258/0.1155974/0.9572344/0.2652159/0.7629017/-0.1630742/-0.2450937/0.9556861/0.7427568/0/0/0/1
81#0.9#0.9798637/-0.1535667/0.1276102/0.7925915/0.1154883/0.9572569/0.2651823/0.7628208/-0.162879/-0.245105/0.9557165/0.7428377/0/0/0/1
82#0.9111111#0.9798484/-0.1535864/0.1277039/0.7926021/0.1154784/0.9572489/0.2652155/0.7628244/-0.1629779/-0.2451239/0.9556947/0.7428713/0/0/0/1
83#0.9222223#0.9798625/-0.1535027/0.1276963/0.7926834/0.1153918/0.9572482/0.2652554/0.7628464/-0.1629545/-0.2451787/0.9556846/0.742661/0/0/0/1
84#0.9333333#0.9798575/-0.1536039/0.1276132/0.792668/0.1154943/0.957208/0.2653559/0.7628436/-0.1629121/-0.2452724/0.9556678/0.7426753/0/0/0/1
85#0.9444445#0.97983/-0.1537711/0.1276228/0.7926012/0.1156531/0.9571853/0.2653689/0.7628134/-0.1629648/-0.2452564/0.955663/0.7427273/0/0/0/1
86#0.9555556#0.9798548/-0.1537579/0.1274488/0.7925967/0.1156944/0.9571975/0.2653068/0.7628518/-0.1627866/-0.245217/0.9557036/0.7427843/0/0/0/1
87#0.9666667#0.9798353/-0.153853/0.1274835/0.7925645/0.1157624/0.957163/0.2654016/0.7629032/-0.1628554/-0.2452921/0.9556725/0.7428279/0/0/0/1
88#0.9777778#0.9798207/-0.1538285/0.1276255/0.792552/0.1157437/0.9572317/0.2651619/0.7628187/-0.1629566/-0.2450393/0.95572/0.7428074/0/0/0/1
89#0.9888889#0.9798362/-0.1539732/0.1273305/0.7924818/0.1159004/0.9571174/0.2655059/0.7628134/-0.162751/-0.2453947/0.9556639/0.7427316/0/0/0/1
90#1#0.9798253/-0.153946/0.1274478/0.7925215/0.1158623/0.9571511/0.2654009/0.7630097/-0.1628442/-0.2452801/0.9556774/0.7427096/0/0/0/1
91#1.011111#0.9798238/-0.1538582/0.1275659/0.792542/0.1157508/0.9571708/0.2653784/0.7630255/-0.162933/-0.2452582/0.955668/0.7427263/0/0/0/1
92#1.022222#0.9798306/-0.1539548/0.1273964/0.7925503/0.1158882/0.9571553/0.2653751/0.7629882/-0.1627939/-0.245259/0.9556915/0.7425032/0/0/0/1
93#1.033333#0.9798514/-0.1537869/0.1274397/0.7925652/0.1156763/0.9571205/0.2655926/0.7630873/-0.1628199/-0.2454996/0.9556253/0.7425194/0/0/0/1
94#1.044444#0.9798812/-0.1535546/0.1274914/0.7925881/0.1154639/0.9571908/0.2654314/0.7629645/-0.1627918/-0.2453706/0.9556632/0.7424958/0/0/0/1
95#1.055556#0.9798252/-0.1537579/0.1276751/0.7925953/0.1155935/0.9571383/0.2655648/0.7629288/-0.1630353/-0.2454488/0.9556016/0.7424517/0/0/0/1
96#1.066667#0.9798701/-0.1535989/0.1275215/0.792596/0.1155116/0.9572048/0.2653604/0.7629929/-0.1628233/-0.2452886/0.9556789/0.7424777/0/0/0/1
97#1.077778#0.9798972/-0.1534971/0.1274368/0.7925984/0.1154188/0.9571921/0.2654465/0.7630335/-0.1627267/-0.2454017/0.9556661/0.7425051/0/0/0/1
98#1.088889#0.979898/-0.1533707/0.1275826/0.7926215/0.1152682/0.9572256/0.2653909/0.763166/-0.1628286/-0.2453498/0.9556622/0.7424929/0/0/0/1
99#1.1#0.9799115/-0.153393/0.1274521/0.792574/0.1153254/0.9572229/0.2653757/0.7631145/-0.1627069/-0.2453462/0.9556839/0.7425177/0/0/0/1
100#1.111111#0.9798717/-0.1535507/0.1275677/0.7925411/0.115461/0.9572239/0.2653134/0.7629703/-0.1628498/-0.245244/0.9556858/0.7425838/0/0/0/1
101#1.122222#0.9798989/-0.153432/0.1275017/0.7925612/0.11532/0.9571731/0.2655577/0.7630384/-0.1627863/-0.2455163/0.9556267/0.7425244/0/0/0/1
102#1.133333#0.9798762/-0.15346/0.1276431/0.792569/0.1153343/0.957208/0.2654262/0.7629879/-0.1629132/-0.2453633/0.9556444/0.7425373/0/0/0/1
103#1.144444#0.9798853/-0.1534564/0.1275773/0.792573/0.1153508/0.9572116/0.2654054/0.7628733/-0.1628466/-0.2453507/0.955659/0.7426538/0/0/0/1
104#1.155556#0.9798915/-0.1535021/0.1274746/0.7925469/0.1153973/0.9571671/0.2655456/0.7628826/-0.1627763/-0.2454956/0.9556337/0.7426703/0/0/0/1
105#1.166667#0.9799153/-0.1533787/0.1274399/0.792598/0.1152791/0.957171/0.2655833/0.7629822/-0.1627166/-0.245558/0.9556279/0.7425144/0/0/0/1
106#1.177778#0.9799007/-0.1534435/0.1274745/0.7925968/0.1153383/0.9571714/0.2655559/0.7629666/-0.1627628/-0.2455157/0.9556308/0.7425294/0/0/0/1
107#1.188889#0.9798776/-0.1535419/0.1275334/0.7925871/0.1154285/0.957175/0.265504/0.7630358/-0.1628378/-0.2454404/0.9556374/0.7424757/0/0/0/1
108#1.2#0.9798787/-0.1535086/0.1275643/0.7925642/0.1153739/0.9571582/0.2655881/0.7630075/-0.1628692/-0.2455266/0.9556099/0.7425306/0/0/0/1
109#1.211111#0.9798549/-0.1536536/0.1275735/0.7925826/0.1155219/0.9571544/0.2655375/0.7630475/-0.1629083/-0.2454507/0.9556227/0.7424281/0/0/0/1
110#1.222222#0.9798503/-0.1536954/0.1275583/0.7925411/0.1155643/0.9571457/0.2655504/0.7630397/-0.1629058/-0.2454585/0.9556211/0.7424726/0/0/0/1
111#1.233333#0.9798536/-0.1536071/0.1276388/0.7925487/0.1154673/0.9571726/0.2654952/0.7630343/-0.1629543/-0.2454083/0.9556258/0.7424827/0/0/0/1
112#1.244444#0.9798625/-0.1536552/0.127513/0.7925364/0.1155479/0.9571664/0.2654829/0.7629665/-0.162844/-0.2454029/0.9556459/0.7426081/0/0/0/1
113#1.255556#0.979866/-0.1535594/0.1276013/0.7925395/0.1154242/0.9571683/0.2655298/0.7629695/-0.1629105/-0.2454554/0.9556212/0.7426167/0/0/0/1
114#1.266667#0.9798554/-0.1536396/0.127586/0.7925408/0.1155232/0.9571837/0.2654311/0.7629789/-0.1629039/-0.245345/0.9556506/0.7426853/0/0/0/1
115#1.277778#0.9798744/-0.1535196/0.1275851/0.792542/0.115406/0.9571976/0.265432/0.76299/-0.1628732/-0.2453659/0.9556505/0.7426767/0/0/0/1
116#1.288889#0.9798556/-0.1536163/0.1276128/0.7926034/0.1154764/0.9571613/0.2655323/0.7630111/-0.1629362/-0.245447/0.9556191/0.7426205/0/0/0/1
117#1.3#0.979875/-0.1535808/0.1275062/0.7926484/0.1154588/0.9571476/0.2655895/0.7630583/-0.1628316/-0.2455228/0.9556173/0.742486/0/0/0/1
118#1.311111#0.9798607/-0.1536373/0.1275481/0.7926529/0.1154869/0.9571173/0.2656866/0.7630695/-0.1628978/-0.2456057/0.9555847/0.7424812/0/0/0/1
119#1.322222#0.9798754/-0.153567/0.1275197/0.7925782/0.1154272/0.9571274/0.2656758/0.7630501/-0.1628517/-0.24561/0.9555914/0.7425051/0/0/0/1
120#1.333333#0.9798654/-0.1535533/0.1276137/0.792583/0.1154007/0.9571477/0.2656144/0.7630373/-0.1629311/-0.2455397/0.9555961/0.7425032/0/0/0/1
121#1.344445#0.9798594/-0.1535541/0.1276582/0.7925727/0.1153822/0.9571367/0.265662/0.7630713/-0.1629798/-0.2455819/0.9555768/0.742487/0/0/0/1
122#1.355556#0.9798771/-0.1533284/0.1277937/0.7925805/0.1151332/0.9571756/0.2656301/0.7630662/-0.1630497/-0.2455716/0.9555676/0.7424865/0/0/0/1
123#1.366667#0.9798988/-0.1531862/0.1277973/0.7925684/0.1149998/0.9572022/0.2655919/0.7630209/-0.1630129/-0.2455565/0.9555777/0.7424932/0/0/0/1
124#1.377778#0.9798808/-0.1532174/0.1278983/0.7925539/0.1150021/0.9571972/0.2656087/0.7631316/-0.1631197/-0.2455563/0.9555596/0.7424171/0/0/0/1
125#1.388889#0.9799181/-0.1530286/0.1278387/0.7925474/0.1148431/0.9572333/0.2655477/0.7631123/-0.1630079/-0.2455336/0.9555845/0.7424233/0/0/0/1
126#1.4#0.9799299/-0.1528893/0.127915/0.7926352/0.1146829/0.9572443/0.265577/0.7630417/-0.1630498/-0.2455772/0.955566/0.7424908/0/0/0/1
127#1.411111#0.979933/-0.1529112/0.1278649/0.7926212/0.1147144/0.9572365/0.2655914/0.7630299/-0.1630089/-0.2455939/0.9555687/0.7424908/0/0/0/1
128#1.422222#0.9799255/-0.1529343/0.1278948/0.7926041/0.1147401/0.9572509/0.2655286/0.7630115/-0.1630359/-0.2455236/0.9555822/0.7424865/0/0/0/1
129#1.433333#0.9799257/-0.1529137/0.1279182/0.7925659/0.1147052/0.9572406/0.2655808/0.7629807/-0.1630594/-0.2455765/0.9555646/0.7425578/0/0/0/1
130#1.444445#0.9799257/-0.1528562/0.1279869/0.7925613/0.1146448/0.9572689/0.2655046/0.7629602/-0.1631019/-0.2455017/0.9555766/0.7425547/0/0/0/1
131#1.455556#0.979922/-0.1529466/0.1279071/0.7925717/0.1147466/0.9572459/0.2655434/0.7628655/-0.1630525/-0.2455349/0.9555767/0.7426901/0/0/0/1
132#1.466667#0.9799104/-0.1530437/0.1278793/0.7925623/0.1148529/0.9572409/0.2655164/0.7628804/-0.1630469/-0.245495/0.9555877/0.742691/0/0/0/1
133#1.477778#0.9799107/-0.1529765/0.127958/0.7926139/0.1147777/0.9572662/0.265457/0.7628692/-0.1630986/-0.2454374/0.9555937/0.7426753/0/0/0/1
134#1.488889#0.9798938/-0.1531239/0.1279109/0.7925999/0.114918/0.9572241/0.2655478/0.7628582/-0.1631011/-0.2455094/0.9555747/0.7426739/0/0/0/1
135#1.5#0.9799039/-0.1531662/0.1277825/0.7925254/0.1150092/0.9572422/0.265444/0.7627902/-0.1629758/-0.2454135/0.9556208/0.7428162/0/0/0/1
136#1.511111#0.9798807/-0.1532358/0.1278775/0.7925242/0.1150551/0.9572392/0.2654341/0.7627589/-0.1630834/-0.2453808/0.9556108/0.742811/0/0/0/1
137#1.522222#0.9798787/-0.1533554/0.1277488/0.7926049/0.1152122/0.9572334/0.2653874/0.7628205/-0.162984/-0.2453292/0.955641/0.7427275/0/0/0/1
138#1.533333#0.9798993/-0.1532518/0.1277154/0.7926059/0.1151263/0.957255/0.2653465/0.7628163/-0.1629211/-0.2453094/0.955657/0.742734/0/0/0/1
139#1.544444#0.9798276/-0.1536271/0.1278143/0.7924879/0.1154844/0.9572381/0.2652515/0.7627817/-0.1630985/-0.2451402/0.95567/0.7428515/0/0/0/1
140#1.555556#0.9797964/-0.1537241/0.1279365/0.7924482/0.1155456/0.9572262/0.2652686/0.7627296/-0.1632423/-0.2451268/0.9556488/0.7429185/0/0/0/1
141#1.566667#0.9798081/-0.153718/0.1278551/0.7924263/0.1155705/0.95724/0.2652076/0.7627053/-0.1631552/-0.2450763/0.9556767/0.7429388/0/0/0/1
142#1.577778#0.9797969/-0.1538443/0.127789/0.7923878/0.1157117/0.957225/0.2652/0.7627362/-0.1631224/-0.2450554/0.9556876/0.7429845/0/0/0/1
143#1.588889#0.9798175/-0.1536711/0.1278393/0.7923844/0.1155329/0.9572515/0.2651822/0.7627349/-0.1631252/-0.2450605/0.9556858/0.7430038/0/0/0/1
144#1.6#0.979831/-0.1536221/0.1277944/0.7925122/0.1154739/0.9572222/0.2653138/0.762729/-0.1630857/-0.2452057/0.9556554/0.7428961/0/0/0/1
145#1.611111#0.979807/-0.1536715/0.1279183/0.7925225/0.1155135/0.9572539/0.2651823/0.7626781/-0.1632013/-0.2450512/0.9556752/0.7429042/0/0/0/1
146#1.622222#0.979816/-0.1537033/0.1278123/0.7924876/0.1155622/0.9572335/0.2652346/0.7627455/-0.1631136/-0.2451109/0.9556749/0.7429144/0/0/0/1
147#1.633333#0.9798488/-0.1534756/0.1278341/0.7924899/0.1153352/0.9572626/0.2652289/0.7627238/-0.163077/-0.2451405/0.9556735/0.7429249/0/0/0/1
148#1.644444#0.9798551/-0.1533709/0.1279114/0.7925269/0.1152209/0.957288/0.2651863/0.7627803/-0.16312/-0.2451061/0.9556751/0.7427745/0/0/0/1
149#1.655556#0.9798661/-0.1533045/0.1279067/0.7925319/0.1151326/0.9572587/0.2653304/0.7628089/-0.1631161/-0.2452621/0.9556357/0.7427731/0/0/0/1
150#1.666667#0.9798738/-0.1532261/0.1279431/0.7925882/0.1150522/0.9572771/0.2652989/0.7628552/-0.1631278/-0.2452393/0.9556396/0.7427113/0/0/0/1
151#1.677778#0.979871/-0.1532972/0.1278778/0.792563/0.115155/0.9572924/0.2651998/0.7628425/-0.1630708/-0.2451358/0.955676/0.7426937/0/0/0/1
152#1.688889#0.9798791/-0.1532444/0.1278789/0.7925707/0.1151014/0.957296/0.2652099/0.7628517/-0.1630599/-0.2451546/0.9556729/0.7427089/0/0/0/1
153#1.7#0.9798533/-0.153335/0.1279696/0.7925851/0.1151443/0.9572535/0.2653441/0.7628396/-0.1631859/-0.2452633/0.9556234/0.7427609/0/0/0/1
154#1.711111#0.9798475/-0.1533856/0.127952/0.7925812/0.1152265/0.9572897/0.2651779/0.7627877/-0.1631616/-0.2450905/0.955672/0.7427707/0/0/0/1
155#1.722222#0.9798673/-0.1533692/0.1278199/0.7926461/0.1152218/0.9572548/0.2653057/0.7629321/-0.1630459/-0.2452367/0.9556542/0.7426505/0/0/0/1
156#1.733333#0.9798111/-0.1535695/0.1280106/0.7926593/0.115385/0.9572599/0.2652162/0.7629408/-0.1632685/-0.2450913/0.9556535/0.7426512/0/0/0/1
157#1.744444#0.9798111/-0.1535695/0.1280106/0.7926593/0.115385/0.9572599/0.2652162/0.7629408/-0.1632685/-0.2450913/0.9556535/0.7426512/0/0/0/1
158#1.755556#0.9798357/-0.1536477/0.1277274/0.7927067/0.1155131/0.9572133/0.2653289/0.7631893/-0.1630296/-0.2452246/0.95566/0.7422898/0/0/0/1
159#1.766667#0.9798068/-0.1537853/0.1277836/0.7927139/0.1156196/0.9571779/0.26541/0.7632177/-0.1631279/-0.2452762/0.9556301/0.7422721/0/0/0/1
160#1.777778#0.9797788/-0.1540373/0.1276942/0.7926873/0.1158808/0.9571343/0.2654535/0.7632725/-0.1631102/-0.2452885/0.9556299/0.7420607/0/0/0/1
161#1.788889#0.979781/-0.1539606/0.1277702/0.7926936/0.1157999/0.9571654/0.2653767/0.7632865/-0.1631547/-0.2452153/0.9556412/0.7420435/0/0/0/1
162#1.8#0.9797946/-0.1539057/0.1277329/0.7927607/0.1157562/0.9571719/0.2653728/0.7632703/-0.1631046/-0.245225/0.9556472/0.7421267/0/0/0/1
163#1.811111#0.9797978/-0.1539505/0.1276541/0.7927671/0.11582/0.9571643/0.2653718/0.7632954/-0.1630401/-0.2452258/0.955658/0.7421131/0/0/0/1
164#1.822222#0.9797512/-0.1542192/0.1276868/0.7927643/0.1160573/0.9571081/0.2654708/0.7634952/-0.1631508/-0.2452763/0.9556261/0.7419357/0/0/0/1
165#1.833333#0.9797537/-0.1542182/0.1276688/0.7927709/0.1160735/0.9571266/0.2653972/0.7634872/-0.1631242/-0.2452049/0.955649/0.7419412/0/0/0/1
166#1.844445#0.9797167/-0.1543748/0.1277636/0.7927579/0.1161824/0.9570805/0.2655156/0.7636153/-0.1632689/-0.2452861/0.9556036/0.7418091/0/0/0/1
167#1.855556#0.9797304/-0.1544106/0.1276154/0.7926953/0.1162521/0.957068/0.2655304/0.7636156/-0.1631373/-0.2453126/0.9556192/0.741735/0/0/0/1
168#1.866667#0.9797578/-0.1542092/0.1276483/0.7926904/0.1160494/0.9570962/0.2655171/0.7636212/-0.1631169/-0.245329/0.9556183/0.7417214/0/0/0/1
169#1.877778#0.9797712/-0.1541218/0.1276508/0.7927518/0.1159551/0.9570945/0.2655651/0.7637137/-0.1631032/-0.2453913/0.9556047/0.7415211/0/0/0/1
170#1.888889#0.9797676/-0.1540539/0.1277605/0.7927676/0.1158608/0.9571049/0.2655681/0.7637336/-0.163192/-0.2453926/0.9555894/0.7414923/0/0/0/1
171#1.9#0.9797499/-0.1541625/0.1277659/0.7926947/0.1159762/0.9571083/0.2655052/0.7636666/-0.1632168/-0.2453109/0.9556059/0.7415378/0/0/0/1
172#1.911111#0.9797828/-0.1539241/0.1278005/0.7926996/0.1157276/0.957127/0.2655465/0.7636921/-0.1631953/-0.2453878/0.95559/0.7415173/0/0/0/1
173#1.922222#0.9798/-0.1537531/0.1278751/0.7927259/0.1155455/0.9571552/0.2655248/0.7634567/-0.1632215/-0.2453858/0.9555861/0.7417891/0/0/0/1
174#1.933333#0.979824/-0.1536186/0.1278518/0.7927221/0.1154444/0.9572067/0.2653823/0.7634337/-0.1631482/-0.2452682/0.9556287/0.741785/0/0/0/1
175#1.944445#0.9798293/-0.1535972/0.1278373/0.7927436/0.1154153/0.9571912/0.2654511/0.7634735/-0.1631372/-0.2453424/0.9556116/0.7417822/0/0/0/1
176#1.955556#0.9798067/-0.1536886/0.1279013/0.7927436/0.1154885/0.9571822/0.2654518/0.7634633/-0.1632218/-0.2453204/0.9556026/0.741761/0/0/0/1
177#1.966667#0.9798199/-0.1536691/0.1278225/0.7927011/0.115494/0.9571894/0.2654235/0.7634208/-0.1631378/-0.2453045/0.9556212/0.7419508/0/0/0/1
178#1.977778#0.9798141/-0.1536912/0.1278415/0.7926444/0.1155129/0.9571904/0.2654113/0.7633961/-0.1631601/-0.2452863/0.9556219/0.7420416/0/0/0/1
179#1.988889#0.9797975/-0.1537237/0.1279289/0.7926382/0.1155271/0.9571959/0.2653859/0.7633986/-0.1632491/-0.2452453/0.9556172/0.7420397/0/0/0/1
180#2#0.9797796/-0.1539617/0.12778/0.7926782/0.1157975/0.9571641/0.2653824/0.7633985/-0.1631651/-0.2452197/0.9556382/0.7419877/0/0/0/1
181#2.011111#0.9797755/-0.1540031/0.1277616/0.7926821/0.1158429/0.9571593/0.2653806/0.7634131/-0.1631577/-0.2452131/0.9556412/0.741991/0/0/0/1
182#2.022222#0.9797645/-0.1540831/0.1277498/0.7926849/0.1159086/0.9571261/0.2654709/0.763402/-0.1631773/-0.2452916/0.9556178/0.7419093/0/0/0/1
183#2.033333#0.9797752/-0.1540828/0.1276674/0.7926609/0.115916/0.9571041/0.265547/0.7634162/-0.1631072/-0.2453777/0.9556077/0.7418957/0/0/0/1
184#2.044445#0.9797504/-0.1541782/0.1277431/0.7927302/0.1160052/0.9571177/0.2654591/0.7635027/-0.1631931/-0.2452648/0.9556219/0.741751/0/0/0/1
185#2.055556#0.9797378/-0.1543249/0.1276621/0.7927223/0.1161766/0.9571094/0.2654138/0.7634746/-0.1631466/-0.2452046/0.9556453/0.7417364/0/0/0/1
186#2.066667#0.9797274/-0.1544671/0.1275704/0.7927064/0.1163325/0.9570809/0.2654485/0.7633668/-0.1630983/-0.2452265/0.9556479/0.7418897/0/0/0/1
187#2.077778#0.9797493/-0.1541739/0.1277566/0.7927645/0.1160131/0.9571421/0.2653683/0.7633066/-0.163194/-0.245173/0.9556453/0.7420127/0/0/0/1
188#2.088889#0.9797333/-0.1542717/0.1277611/0.7927772/0.1160968/0.9571145/0.2654307/0.7632979/-0.1632305/-0.2452187/0.9556273/0.741997/0/0/0/1
189#2.1#0.9797502/-0.1542633/0.1276418/0.7928014/0.1161091/0.9570976/0.2654858/0.7633668/-0.1631204/-0.2452893/0.955628/0.7419541/0/0/0/1
190#2.111111#0.9797547/-0.1541867/0.1276992/0.7928306/0.1160427/0.9571427/0.2653524/0.7633672/-0.1631401/-0.2451617/0.9556574/0.7419524/0/0/0/1
191#2.122222#0.9797651/-0.1540781/0.1277514/0.7927444/0.1159126/0.9571407/0.2654164/0.7632248/-0.1631709/-0.2452377/0.9556326/0.7421041/0/0/0/1
192#2.133333#0.9797456/-0.1542561/0.1276866/0.7927476/0.1161007/0.9571147/0.2654281/0.7632198/-0.1631546/-0.2452275/0.9556381/0.7421002/0/0/0/1
193#2.144444#0.9797742/-0.1540268/0.1277432/0.7927723/0.1158691/0.9571533/0.2653898/0.7632084/-0.163147/-0.2452206/0.9556413/0.7420793/0/0/0/1
194#2.155556#0.9797539/-0.1540841/0.1278294/0.7927839/0.1158859/0.9571228/0.2654924/0.7632934/-0.1632566/-0.2453036/0.9556011/0.7419796/0/0/0/1
195#2.166667#0.9797607/-0.1540264/0.127848/0.7928079/0.1158224/0.9571264/0.265507/0.7633206/-0.1632618/-0.2453256/0.9555945/0.741977/0/0/0/1
196#2.177778#0.9797763/-0.1539232/0.1278514/0.7928082/0.1157213/0.9571398/0.2655033/0.7633131/-0.1632388/-0.2453387/0.9555951/0.7419949/0/0/0/1
197#2.188889#0.9797769/-0.1539529/0.1278121/0.7928168/0.1157855/0.9571729/0.2653558/0.7632755/-0.1631906/-0.2451906/0.9556413/0.7419906/0/0/0/1
198#2.2#0.9797873/-0.15392/0.1277708/0.7927828/0.1157383/0.9571376/0.2655039/0.7633469/-0.1631606/-0.2453494/0.9556057/0.7420185/0/0/0/1
199#2.211111#0.9797837/-0.1539395/0.1277753/0.7927827/0.115758/0.9571381/0.2654934/0.7633293/-0.1631686/-0.2453351/0.955608/0.7420084/0/0/0/1
200#2.222222#0.9797717/-0.1539935/0.1278019/0.7927727/0.1158127/0.9571454/0.2654433/0.7633604/-0.1632016/-0.2452727/0.9556184/0.7420206/0/0/0/1
201#2.233333#0.9797732/-0.1539226/0.1278757/0.792834/0.1156938/0.9571092/0.2656257/0.7635958/-0.1632768/-0.2454585/0.9555578/0.7416399/0/0/0/1
202#2.244445#0.9797724/-0.1539342/0.1278684/0.7928423/0.1157128/0.9571163/0.2655917/0.7635928/-0.1632686/-0.2454234/0.9555683/0.7416317/0/0/0/1
203#2.255556#0.9797467/-0.1541023/0.1278628/0.792845/0.1158702/0.957084/0.2656391/0.7635962/-0.1633111/-0.2454436/0.9555557/0.7415438/0/0/0/1
204#2.266667#0.9797565/-0.1540698/0.1278266/0.792853/0.1158629/0.9571098/0.2655497/0.7635987/-0.1632573/-0.2453637/0.9555855/0.7415333/0/0/0/1
205#2.277778#0.9797329/-0.1541856/0.1278682/0.7927948/0.1159599/0.9570887/0.2655831/0.7635777/-0.1633303/-0.2453728/0.9555707/0.7415102/0/0/0/1
206#2.288889#0.9797242/-0.1542625/0.1278418/0.7927928/0.1160489/0.9570897/0.2655407/0.7635758/-0.163319/-0.2453208/0.955586/0.7414875/0/0/0/1
207#2.3#0.9797069/-0.1543546/0.1278625/0.7927204/0.1161326/0.957078/0.2655463/0.7635434/-0.1633627/-0.2453085/0.9555817/0.7415929/0/0/0/1
208#2.311111#0.9797208/-0.1542905/0.1278346/0.7927148/0.1160768/0.9570844/0.2655479/0.7635362/-0.16332/-0.2453241/0.955585/0.7415788/0/0/0/1
209#2.322222#0.9796963/-0.1545084/0.1277586/0.792686/0.116307/0.9570536/0.2655581/0.7635361/-0.1633028/-0.2453071/0.9555922/0.7417462/0/0/0/1
210#2.333333#0.979717/-0.1543687/0.1277688/0.7926669/0.1161713/0.9570755/0.2655384/0.7635404/-0.1632752/-0.2453094/0.9555964/0.7417386/0/0/0/1
211#2.344445#0.9797043/-0.1544646/0.1277509/0.7926959/0.1163011/0.9571112/0.265353/0.7633885/-0.1632595/-0.2451099/0.9556502/0.742064/0/0/0/1
212#2.355556#0.9797021/-0.1544729/0.1277576/0.7926432/0.1163157/0.9571226/0.2653053/0.763325/-0.1632622/-0.2450599/0.9556627/0.7421947/0/0/0/1
213#2.366667#0.9797191/-0.1543956/0.1277202/0.792639/0.1162391/0.9571149/0.2653667/0.7633228/-0.1632144/-0.2451388/0.9556505/0.7421985/0/0/0/1
214#2.377778#0.9796989/-0.1544456/0.1278148/0.7927241/0.1162664/0.9571151/0.2653542/0.7632999/-0.1633163/-0.2451067/0.9556413/0.7419896/0/0/0/1
215#2.388889#0.9797016/-0.1544364/0.1278053/0.792734/0.1162486/0.9570992/0.2654194/0.7633032/-0.1633128/-0.2451746/0.9556245/0.7419853/0/0/0/1
216#2.4#0.9797255/-0.1542795/0.1278106/0.792688/0.1161113/0.957144/0.2653182/0.7631996/-0.1632663/-0.2450988/0.955652/0.7421112/0/0/0/1
217#2.411111#0.9797121/-0.1543261/0.1278589/0.7927012/0.1161395/0.9571319/0.265349/0.7631953/-0.1633281/-0.2451161/0.955637/0.742115/0/0/0/1
218#2.422222#0.9797248/-0.1542115/0.1278988/0.7927595/0.1159913/0.9571072/0.2655025/0.7632734/-0.1633565/-0.2452843/0.9555888/0.7420068/0/0/0/1
219#2.433333#0.9797437/-0.1541255/0.1278581/0.792803/0.1159298/0.9571351/0.2654297/0.7634585/-0.163287/-0.2452306/0.9556146/0.7418535/0/0/0/1
220#2.444444#0.9797345/-0.1541785/0.1278639/0.7928167/0.1159859/0.9571375/0.2653962/0.7634459/-0.1633017/-0.2451875/0.9556231/0.7418478/0/0/0/1
221#2.455556#0.9797365/-0.1541139/0.127927/0.7928617/0.1158911/0.957123/0.2654893/0.763572/-0.1633575/-0.245284/0.9555889/0.7416329/0/0/0/1
222#2.466667#0.9797323/-0.1541576/0.1279062/0.7928675/0.1159291/0.9571025/0.2655472/0.7635887/-0.1633555/-0.2453371/0.9555756/0.7416208/0/0/0/1
223#2.477778#0.9797679/-0.1540805/0.1277266/0.7928554/0.1159032/0.9571127/0.2655216/0.7635872/-0.1631605/-0.2453456/0.9556066/0.7415717/0/0/0/1
224#2.488889#0.979767/-0.154082/0.1277312/0.79286/0.115913/0.9571269/0.2654662/0.7635998/-0.1631586/-0.2452893/0.9556215/0.74156/0/0/0/1
225#2.5#0.9797416/-0.1541072/0.1278964/0.7929164/0.1158768/0.9570997/0.2655796/0.7636092/-0.1633373/-0.2453791/0.9555679/0.74139/0/0/0/1
226#2.511111#0.9797303/-0.1542448/0.1278166/0.7929168/0.1160466/0.9571042/0.2654896/0.7635946/-0.1632842/-0.2452755/0.9556037/0.7413697/0/0/0/1
227#2.522222#0.9797373/-0.1541165/0.1279178/0.7929452/0.1158851/0.9571063/0.2655525/0.7636627/-0.163357/-0.2453479/0.9555725/0.7412314/0/0/0/1
228#2.533333#0.9797306/-0.1542273/0.1278354/0.7928547/0.1160131/0.9570893/0.2655579/0.7636945/-0.1633061/-0.2453446/0.9555821/0.7413521/0/0/0/1
229#2.544445#0.9797354/-0.154117/0.1279329/0.7928725/0.1158897/0.9571185/0.2655066/0.7636976/-0.1633661/-0.2453/0.9555833/0.741329/0/0/0/1
230#2.555556#0.9797086/-0.1542364/0.1279926/0.7927983/0.1159908/0.9571054/0.2655096/0.7637237/-0.1634537/-0.2452761/0.9555745/0.7414649/0/0/0/1
231#2.566667#0.9796981/-0.1543323/0.1279574/0.7927853/0.1160885/0.9570858/0.265538/0.7637539/-0.1634473/-0.2452927/0.9555714/0.7414405/0/0/0/1
232#2.577778#0.9797181/-0.1542178/0.1279422/0.792787/0.1160184/0.9571557/0.2653161/0.7636491/-0.1633771/-0.2450914/0.955635/0.7416375/0/0/0/1
233#2.588889#0.9797181/-0.1542178/0.1279422/0.792787/0.1160184/0.9571557/0.2653161/0.7636491/-0.1633771/-0.2450914/0.955635/0.7416375/0/0/0/1
234#2.6#0.9796947/-0.1542581/0.1280731/0.792848/0.1159878/0.9570991/0.2655332/0.763696/-0.1635393/-0.2452866/0.9555571/0.7414756/0/0/0/1
235#2.611111#0.9797121/-0.1542804/0.1279135/0.7928276/0.1160546/0.9570993/0.2655038/0.7636069/-0.1633879/-0.2452723/0.9555867/0.7414675/0/0/0/1
236#2.622222#0.9796918/-0.154345/0.1279906/0.7928492/0.1160739/0.9570573/0.2656468/0.7636542/-0.1634956/-0.2453956/0.9555366/0.7414405/0/0/0/1
237#2.633333#0.9796852/-0.1543384/0.1280487/0.7928689/0.1160763/0.9570947/0.2655107/0.7636281/-0.1635332/-0.2452535/0.9555666/0.741431/0/0/0/1
238#2.644444#0.9796931/-0.1542872/0.1280503/0.7928196/0.1159965/0.9570569/0.2656818/0.7636631/-0.1635427/-0.2454332/0.955519/0.7413323/0/0/0/1
239#2.655556#0.9797267/-0.154164/0.1279408/0.7928386/0.1159298/0.9571074/0.2655289/0.7636217/-0.1633881/-0.2453136/0.955576/0.7414341/0/0/0/1
240#2.666667#0.9797336/-0.1540936/0.1279736/0.7928449/0.1158504/0.9571131/0.265543/0.763628/-0.1634037/-0.2453356/0.9555677/0.7414138/0/0/0/1
241#2.677778#0.9797411/-0.15416/0.1278373/0.7928429/0.1159751/0.95714/0.2653924/0.7636124/-0.1632711/-0.2451899/0.9556278/0.7414973/0/0/0/1
242#2.688889#0.9797733/-0.1539598/0.1278304/0.7928526/0.1157531/0.9571209/0.2655576/0.763661/-0.1632344/-0.2453895/0.9555829/0.7414708/0/0/0/1
243#2.7#0.9797595/-0.1540469/0.1278314/0.7928388/0.1158561/0.9571379/0.2654514/0.7637163/-0.1632442/-0.2452685/0.9556121/0.7414119/0/0/0/1
244#2.711111#0.9797678/-0.1540106/0.1278116/0.7928612/0.1158147/0.9571252/0.2655151/0.763742/-0.1632238/-0.2453407/0.9555972/0.7414012/0/0/0/1
245#2.722222#0.9797562/-0.1540011/0.1279117/0.7928152/0.1157667/0.9571089/0.2655948/0.7636182/-0.1633274/-0.2454103/0.9555615/0.7414274/0/0/0/1
246#2.733333#0.9797503/-0.154045/0.1279043/0.7928117/0.1158172/0.957112/0.2655615/0.76361/-0.1633272/-0.2453704/0.9555718/0.7413983/0/0/0/1
247#2.744445#0.9797677/-0.1539859/0.1278423/0.7928309/0.1157939/0.9571456/0.2654507/0.7635757/-0.1632393/-0.2452767/0.9556109/0.7413599/0/0/0/1
248#2.755556#0.9797642/-0.1539364/0.1279283/0.7928354/0.1157299/0.9571629/0.2654158/0.7636685/-0.1633054/-0.2452399/0.955609/0.7413797/0/0/0/1
249#2.766667#0.9797576/-0.1539241/0.1279936/0.7928472/0.1156976/0.9571605/0.2654389/0.7636684/-0.1633679/-0.2452573/0.9555939/0.7413559/0/0/0/1
250#2.777778#0.9797531/-0.1540896/0.1278293/0.7927917/0.1159105/0.957151/0.2653803/0.7636148/-0.1632443/-0.2451905/0.9556322/0.7416153/0/0/0/1
251#2.788889#0.9797575/-0.153999/0.1279044/0.7928057/0.1158152/0.9571821/0.2653097/0.7636203/-0.1632852/-0.2451259/0.9556418/0.7416053/0/0/0/1
252#2.8#0.9797186/-0.1542085/0.1279493/0.792765/0.1160034/0.9571509/0.2653399/0.7635968/-0.1633844/-0.2451159/0.9556273/0.7416549/0/0/0/1
253#2.811111#0.9797172/-0.1541814/0.1279935/0.7927833/0.1159663/0.9571561/0.2653375/0.7636162/-0.1634199/-0.2451127/0.9556221/0.7416613/0/0/0/1
254#2.822222#0.979708/-0.154245/0.1279874/0.7927113/0.116032/0.9571512/0.2653261/0.7635962/-0.1634286/-0.2450914/0.9556261/0.7416644/0/0/0/1
255#2.833333#0.9796935/-0.1543561/0.1279645/0.7926589/0.1161572/0.9571538/0.2652621/0.7634565/-0.1634266/-0.2450116/0.9556469/0.741842/0/0/0/1
256#2.844445#0.9796973/-0.1543721/0.1279148/0.7926516/0.1161841/0.9571487/0.2652689/0.7634646/-0.1633836/-0.2450216/0.9556518/0.7418399/0/0/0/1
257#2.855556#0.9796931/-0.154344/0.1279813/0.7927044/0.1161389/0.9571525/0.2652752/0.7634633/-0.1634412/-0.2450247/0.9556411/0.7417984/0/0/0/1
258#2.866667#0.9796913/-0.1543871/0.1279436/0.7927012/0.1161983/0.9571579/0.2652292/0.7634581/-0.1634102/-0.2449759/0.9556589/0.741796/0/0/0/1
259#2.877778#0.9797258/-0.154194/0.1279123/0.7927548/0.1160071/0.9571645/0.2652896/0.7634218/-0.1633391/-0.2450723/0.9556463/0.741847/0/0/0/1
260#2.888889#0.9797262/-0.154222/0.1278758/0.7927488/0.116056/0.9571785/0.2652174/0.763394/-0.1633023/-0.2449997/0.9556713/0.7418458/0/0/0/1
261#2.9#0.9797059/-0.1543446/0.1278828/0.7926878/0.1161806/0.9571741/0.2651792/0.7633252/-0.1633351/-0.2449402/0.9556809/0.7420168/0/0/0/1
262#2.911111#0.9797029/-0.1543066/0.1279521/0.7927139/0.1161244/0.9571782/0.265189/0.763343/-0.1633934/-0.2449481/0.9556688/0.7420156/0/0/0/1
263#2.922222#0.9796703/-0.1544255/0.1280581/0.7926844/0.1162143/0.9571679/0.2651871/0.7633493/-0.1635247/-0.2449138/0.9556552/0.7420516/0/0/0/1
264#2.933333#0.9796926/-0.1543547/0.1279726/0.7926873/0.1161634/0.9571687/0.2652056/0.763383/-0.1634271/-0.2449542/0.9556615/0.7420511/0/0/0/1
265#2.944444#0.9797131/-0.1542202/0.1279778/0.7928391/0.1159914/0.9571258/0.2654359/0.7635291/-0.1634264/-0.2452067/0.9555969/0.741751/0/0/0/1
266#2.955556#0.9797134/-0.1542201/0.1279753/0.7928961/0.1159901/0.957123/0.2654464/0.7636406/-0.1634253/-0.2452176/0.9555942/0.741406/0/0/0/1
267#2.966667#0.9797204/-0.1541401/0.1280191/0.7929224/0.1158986/0.9571304/0.2654599/0.7636707/-0.1634489/-0.2452392/0.9555847/0.7413831/0/0/0/1
268#2.977778#0.9797063/-0.1542712/0.1279686/0.7928867/0.1160391/0.9571128/0.2654615/0.7637452/-0.1634335/-0.2452249/0.955591/0.7412558/0/0/0/1
269#2.988889#0.9797035/-0.1542894/0.1279681/0.792897/0.1160494/0.9570996/0.2655056/0.7637506/-0.163443/-0.2452662/0.9555789/0.7412238/0/0/0/1
270#3#0.9796988/-0.154282/0.1280126/0.7929059/0.1160455/0.9571232/0.2654215/0.7638133/-0.1634736/-0.2451778/0.9555963/0.7411206/0/0/0/1
271#3.011111#0.9796981/-0.1542664/0.1280371/0.7928492/0.1159952/0.9570825/0.2655899/0.7639834/-0.1635137/-0.2453462/0.955546/0.7409737/0/0/0/1
272#3.022222#0.9796981/-0.1542664/0.1280371/0.7928492/0.1159952/0.9570825/0.2655899/0.7639834/-0.1635137/-0.2453462/0.955546/0.7409737/0/0/0/1
273#3.033333#0.9796981/-0.1542664/0.1280371/0.7928492/0.1159952/0.9570825/0.2655899/0.7639834/-0.1635137/-0.2453462/0.955546/0.7409737/0/0/0/1
274#3.044445#0.9796981/-0.1542664/0.1280371/0.7928492/0.1159952/0.9570825/0.2655899/0.7639834/-0.1635137/-0.2453462/0.955546/0.7409737/0/0/0/1
275#3.055556#0.9796981/-0.1542664/0.1280371/0.7928492/0.1159952/0.9570825/0.2655899/0.7639834/-0.1635137/-0.2453462/0.955546/0.7409737/0/0/0/1
276#3.066667#0.9796981/-0.1542664/0.1280371/0.7928492/0.1159952/0.9570825/0.2655899/0.7639834/-0.1635137/-0.2453462/0.955546/0.7409737/0/0/0/1
277#3.077778#0.9796981/-0.1542664/0.1280371/0.7928492/0.1159952/0.9570825/0.2655899/0.7639834/-0.1635137/-0.2453462/0.955546/0.7409737/0/0/0/1
278#3.088889#0.9796981/-0.1542664/0.1280371/0.7928492/0.1159952/0.9570825/0.2655899/0.7639834/-0.1635137/-0.2453462/0.955546/0.7409737/0/0/0/1
279#3.1#0.9796981/-0.1542664/0.1280371/0.7928492/0.1159952/0.9570825/0.2655899/0.7639834/-0.1635137/-0.2453462/0.955546/0.7409737/0/0/0/1
280#3.111111#0.9796981/-0.1542664/0.1280371/0.7928492/0.1159952/0.9570825/0.2655899/0.7639834/-0.1635137/-0.2453462/0.955546/0.7409737/0/0/0/1
281#3.122222#0.9796838/-0.1543805/0.1280089/0.7928213/0.116124/0.9570833/0.2655307/0.7640889/-0.163508/-0.2452712/0.9555664/0.7409577/0/0/0/1
