0#0#-0.07460333/0.436328/-0.8966896/-0.7386556/0.003495843/0.8993043/0.4373095/0.6107783/0.9972073/0.02949008/-0.06861651/-0.3397862/0/0/0/1
1#0.01111111#-0.07460333/0.436328/-0.8966896/-0.7386556/0.003495843/0.8993043/0.4373095/0.6107783/0.9972073/0.02949008/-0.06861651/-0.3397862/0/0/0/1
2#0.02222222#-0.07458342/0.436315/-0.8966976/-0.7386506/0.003480331/0.8993105/0.4372969/0.610773/0.9972089/0.02949427/-0.06859207/-0.339793/0/0/0/1
3#0.03333334#-0.07458342/0.436315/-0.8966976/-0.7386506/0.003480331/0.8993105/0.4372969/0.610773/0.9972089/0.02949427/-0.06859207/-0.339793/0/0/0/1
4#0.04444445#-0.07458342/0.436315/-0.8966976/-0.7386506/0.003480331/0.8993105/0.4372969/0.610773/0.9972089/0.02949427/-0.06859207/-0.339793/0/0/0/1
5#0.05555556#-0.07458342/0.436315/-0.8966976/-0.7386506/0.003480331/0.8993105/0.4372969/0.610773/0.9972089/0.02949427/-0.06859207/-0.339793/0/0/0/1
6#0.06666667#-0.07458342/0.436315/-0.8966976/-0.7386506/0.003480331/0.8993105/0.4372969/0.610773/0.9972089/0.02949427/-0.06859207/-0.339793/0/0/0/1
7#0.07777778#-0.07458342/0.436315/-0.8966976/-0.7386506/0.003480331/0.8993105/0.4372969/0.610773/0.9972089/0.02949427/-0.06859207/-0.339793/0/0/0/1
8#0.08888889#-0.07458342/0.436315/-0.8966976/-0.7386506/0.003480331/0.8993105/0.4372969/0.610773/0.9972089/0.02949427/-0.06859207/-0.339793/0/0/0/1
9#0.1#-0.07458342/0.436315/-0.8966976/-0.7386506/0.003480331/0.8993105/0.4372969/0.610773/0.9972089/0.02949427/-0.06859207/-0.339793/0/0/0/1
10#0.1111111#-0.07458342/0.436315/-0.8966976/-0.7386506/0.003480331/0.8993105/0.4372969/0.610773/0.9972089/0.02949427/-0.06859207/-0.339793/0/0/0/1
11#0.1222222#-0.07458342/0.436315/-0.8966976/-0.7386506/0.003480331/0.8993105/0.4372969/0.610773/0.9972089/0.02949427/-0.06859207/-0.339793/0/0/0/1
12#0.1333333#-0.07458342/0.436315/-0.8966976/-0.7386506/0.003480331/0.8993105/0.4372969/0.610773/0.9972089/0.02949427/-0.06859207/-0.339793/0/0/0/1
13#0.1444445#-0.07458342/0.436315/-0.8966976/-0.7386506/0.003480331/0.8993105/0.4372969/0.610773/0.9972089/0.02949427/-0.06859207/-0.339793/0/0/0/1
14#0.1555556#-0.07458342/0.436315/-0.8966976/-0.7386506/0.003480331/0.8993105/0.4372969/0.610773/0.9972089/0.02949427/-0.06859207/-0.339793/0/0/0/1
15#0.1666667#-0.07458342/0.436315/-0.8966976/-0.7386506/0.003480331/0.8993105/0.4372969/0.610773/0.9972089/0.02949427/-0.06859207/-0.339793/0/0/0/1
16#0.1777778#-0.07480693/0.4364386/-0.896619/-0.7392395/0.00363408/0.8992514/0.437417/0.6107153/0.9971914/0.02946341/-0.06885625/-0.3396783/0/0/0/1
17#0.1888889#-0.07480693/0.4364386/-0.896619/-0.7392395/0.00363408/0.8992514/0.437417/0.6107153/0.9971914/0.02946341/-0.06885625/-0.3396783/0/0/0/1
18#0.2#-0.07474364/0.4366585/-0.8965174/-0.7393122/0.003652529/0.8991458/0.4376343/0.6106416/0.9971964/0.02943571/-0.06880035/-0.3396021/0/0/0/1
19#0.2111111#-0.07474364/0.4366585/-0.8965174/-0.7393122/0.003652529/0.8991458/0.4376343/0.6106416/0.9971964/0.02943571/-0.06880035/-0.3396021/0/0/0/1
20#0.2222222#-0.0746025/0.4364975/-0.8966075/-0.73931/0.003709168/0.8992279/0.4374649/0.6106733/0.9972068/0.02931024/-0.06870367/-0.3396653/0/0/0/1
21#0.2333333#-0.07469404/0.4365505/-0.8965739/-0.7393289/0.003775165/0.8992027/0.4375161/0.6106718/0.9971995/0.02929513/-0.06881309/-0.3396616/0/0/0/1
22#0.2444444#-0.07469203/0.4365221/-0.8965879/-0.7392886/0.003776775/0.8992166/0.4374875/0.610693/0.9971998/0.02929056/-0.06881297/-0.3396144/0/0/0/1
23#0.2555556#-0.0746069/0.4365108/-0.8966004/-0.7393/0.003882722/0.8992264/0.4374663/0.6107073/0.9972056/0.0291567/-0.06878328/-0.3395979/0/0/0/1
24#0.2666667#-0.07459879/0.4365286/-0.8965923/-0.7393095/0.003891543/0.8992181/0.4374833/0.6107105/0.997206/0.02914663/-0.06877935/-0.3395866/0/0/0/1
25#0.2777778#-0.07461632/0.4365042/-0.8966029/-0.7393563/0.003853232/0.8992287/0.437462/0.6106763/0.9972051/0.02918693/-0.068779/-0.3395469/0/0/0/1
26#0.2888889#-0.07457923/0.4366311/-0.8965439/-0.7393811/0.003815442/0.8991662/0.4375907/0.6106776/0.9972077/0.02921447/-0.0687251/-0.3395493/0/0/0/1
27#0.3#-0.07457353/0.4367052/-0.8965086/-0.7392998/0.003850208/0.8991311/0.4376625/0.6107329/0.9972084/0.02918625/-0.06873275/-0.3395903/0/0/0/1
28#0.3111111#-0.07458617/0.4366499/-0.8965345/-0.7393081/0.003945888/0.8991606/0.4376009/0.6107445/0.9972071/0.02910133/-0.06878794/-0.3395817/0/0/0/1
29#0.3222222#-0.07458617/0.4366499/-0.8965345/-0.7393081/0.003945888/0.8991606/0.4376009/0.6107445/0.9972071/0.02910133/-0.06878794/-0.3395817/0/0/0/1
30#0.3333333#-0.0744772/0.4365829/-0.896576/-0.739347/0.003904417/0.8991938/0.4375333/0.6108077/0.9972151/0.02908565/-0.06867409/-0.3396075/0/0/0/1
31#0.3444445#-0.07449245/0.4366281/-0.8965529/-0.7394004/0.003844962/0.8991697/0.4375832/0.610761/0.9972142/0.02914944/-0.06866015/-0.3395555/0/0/0/1
32#0.3555556#-0.07449245/0.4366281/-0.8965529/-0.7394004/0.003844962/0.8991697/0.4375832/0.610761/0.9972142/0.02914944/-0.06866015/-0.3395555/0/0/0/1
33#0.3666667#-0.07438076/0.4366782/-0.8965378/-0.7394111/0.003844351/0.8991469/0.4376302/0.6107683/0.9972225/0.02910464/-0.06855799/-0.3395377/0/0/0/1
34#0.3777778#-0.07417655/0.4366678/-0.8965595/-0.7393596/0.003991082/0.8991591/0.4376037/0.6108255/0.9972371/0.02888168/-0.06843936/-0.3395691/0/0/0/1
35#0.3888889#-0.07430445/0.4367121/-0.8965274/-0.7393711/0.003879234/0.8991324/0.4376596/0.6108361/0.997228/0.02904221/-0.06850362/-0.339566/0/0/0/1
36#0.4#-0.07414568/0.4368624/-0.8964673/-0.739332/0.003869027/0.899061/0.4378063/0.610828/0.9972401/0.02899295/-0.06835163/-0.3395894/0/0/0/1
37#0.4111111#-0.0744101/0.4367/-0.8965249/-0.7393417/0.003905059/0.8991376/0.4376488/0.6108477/0.9972204/0.02906445/-0.06861021/-0.3395739/0/0/0/1
38#0.4222222#-0.07437897/0.4366271/-0.8965626/-0.7392957/0.003985733/0.8991759/0.4375691/0.6108482/0.9972222/0.02897246/-0.06862009/-0.3395101/0/0/0/1
39#0.4333333#-0.07419825/0.4366108/-0.8965858/-0.7392914/0.003927574/0.8991849/0.4375515/0.6108577/0.997236/0.02894414/-0.0684327/-0.3395241/0/0/0/1
40#0.4444444#-0.07436502/0.436709/-0.8965241/-0.7393041/0.003739044/0.899129/0.4376679/0.6107213/0.9972241/0.02919503/-0.06849659/-0.3395944/0/0/0/1
41#0.4555556#-0.07423306/0.4366176/-0.8965797/-0.7393005/0.003866211/0.8991793/0.4375636/0.6107544/0.9972336/0.02901529/-0.06843688/-0.3395846/0/0/0/1
42#0.4666667#-0.07431628/0.4366769/-0.8965437/-0.7392938/0.003991486/0.8991527/0.4376169/0.6107213/0.9972271/0.02894346/-0.06856466/-0.3395859/0/0/0/1
43#0.4777778#-0.07425142/0.4367381/-0.8965191/-0.7392592/0.003881902/0.8991206/0.4376838/0.6107339/0.9972321/0.02901845/-0.0684564/-0.339605/0/0/0/1
44#0.4888889#-0.07429755/0.4368607/-0.8964556/-0.739254/0.004090682/0.8990661/0.4377938/0.6107548/0.9972277/0.0288599/-0.0685854/-0.3395613/0/0/0/1
45#0.5#-0.07430888/0.4367424/-0.8965126/-0.7392166/0.003884718/0.8991177/0.4376898/0.6107339/0.9972279/0.02904153/-0.06850912/-0.3395107/0/0/0/1
46#0.5111111#-0.07420468/0.4367431/-0.8965205/-0.7392042/0.00371781/0.8991139/0.4376988/0.6107336/0.9972361/0.02914624/-0.06834221/-0.3395126/0/0/0/1
47#0.5222222#-0.07407975/0.4367419/-0.8965315/-0.7391803/0.003882155/0.8991212/0.4376826/0.6107261/0.9972448/0.02894297/-0.06830227/-0.3395374/0/0/0/1
48#0.5333334#-0.07446551/0.4367145/-0.8965129/-0.7391779/0.003988504/0.8991321/0.4376591/0.6107364/0.9972156/0.02901477/-0.06869614/-0.3395174/0/0/0/1
49#0.5444444#-0.07418657/0.4367365/-0.8965253/-0.7391727/0.003795758/0.8991197/0.4376863/0.6107361/0.9972373/0.02906743/-0.06836045/-0.3395548/0/0/0/1
50#0.5555556#-0.07432975/0.4367899/-0.8964878/-0.7391999/0.00396663/0.8990966/0.4377324/0.6107426/0.9972262/0.02898043/-0.06856228/-0.3395457/0/0/0/1
51#0.5666667#-0.07433141/0.4368832/-0.896442/-0.7391815/0.003673316/0.8990424/0.4378461/0.6107311/0.997227/0.02925275/-0.06843186/-0.3395495/0/0/0/1
52#0.5777778#-0.07438541/0.436903/-0.8964277/-0.7391355/0.003899351/0.8990386/0.437852/0.6107172/0.9972221/0.02907427/-0.06857896/-0.3395436/0/0/0/1
53#0.5888889#-0.07438541/0.436903/-0.8964277/-0.7391355/0.003899351/0.8990386/0.437852/0.6107172/0.9972221/0.02907427/-0.06857896/-0.3395436/0/0/0/1
54#0.6#-0.07438541/0.436903/-0.8964277/-0.7391355/0.003899351/0.8990386/0.437852/0.6107172/0.9972221/0.02907427/-0.06857896/-0.3395436/0/0/0/1
55#0.6111111#-0.07438541/0.436903/-0.8964277/-0.7391355/0.003899351/0.8990386/0.437852/0.6107172/0.9972221/0.02907427/-0.06857896/-0.3395436/0/0/0/1
56#0.6222222#-0.07438541/0.436903/-0.8964277/-0.7391355/0.003899351/0.8990386/0.437852/0.6107172/0.9972221/0.02907427/-0.06857896/-0.3395436/0/0/0/1
57#0.6333333#-0.07438541/0.436903/-0.8964277/-0.7391355/0.003899351/0.8990386/0.437852/0.6107172/0.9972221/0.02907427/-0.06857896/-0.3395436/0/0/0/1
58#0.6444445#-0.07438541/0.436903/-0.8964277/-0.7391355/0.003899351/0.8990386/0.437852/0.6107172/0.9972221/0.02907427/-0.06857896/-0.3395436/0/0/0/1
59#0.6555555#-0.07438541/0.436903/-0.8964277/-0.7391355/0.003899351/0.8990386/0.437852/0.6107172/0.9972221/0.02907427/-0.06857896/-0.3395436/0/0/0/1
60#0.6666667#-0.07438541/0.436903/-0.8964277/-0.7391355/0.003899351/0.8990386/0.437852/0.6107172/0.9972221/0.02907427/-0.06857896/-0.3395436/0/0/0/1
61#0.6777778#-0.07438541/0.436903/-0.8964277/-0.7391355/0.003899351/0.8990386/0.437852/0.6107172/0.9972221/0.02907427/-0.06857896/-0.3395436/0/0/0/1
62#0.6888889#-0.07438541/0.436903/-0.8964277/-0.7391355/0.003899351/0.8990386/0.437852/0.6107172/0.9972221/0.02907427/-0.06857896/-0.3395436/0/0/0/1
63#0.7#-0.07438541/0.436903/-0.8964277/-0.7391355/0.003899351/0.8990386/0.437852/0.6107172/0.9972221/0.02907427/-0.06857896/-0.3395436/0/0/0/1
64#0.7111111#-0.07438541/0.436903/-0.8964277/-0.7391355/0.003899351/0.8990386/0.437852/0.6107172/0.9972221/0.02907427/-0.06857896/-0.3395436/0/0/0/1
65#0.7222223#-0.07438541/0.436903/-0.8964277/-0.7391355/0.003899351/0.8990386/0.437852/0.6107172/0.9972221/0.02907427/-0.06857896/-0.3395436/0/0/0/1
66#0.7333333#-0.07438541/0.436903/-0.8964277/-0.7391355/0.003899351/0.8990386/0.437852/0.6107172/0.9972221/0.02907427/-0.06857896/-0.3395436/0/0/0/1
67#0.7444445#-0.07438541/0.436903/-0.8964277/-0.7391355/0.003899351/0.8990386/0.437852/0.6107172/0.9972221/0.02907427/-0.06857896/-0.3395436/0/0/0/1
68#0.7555556#-0.07438541/0.436903/-0.8964277/-0.7391355/0.003899351/0.8990386/0.437852/0.6107172/0.9972221/0.02907427/-0.06857896/-0.3395436/0/0/0/1
69#0.7666667#-0.07401777/0.4369814/-0.8964201/-0.7391191/0.00387238/0.8990047/0.4379218/0.6108365/0.9972495/0.02894267/-0.06823445/-0.3394904/0/0/0/1
70#0.7777778#-0.07415725/0.4369217/-0.8964378/-0.7393/0.003859714/0.8990316/0.4378668/0.6107868/0.9972393/0.02901095/-0.06835605/-0.3394274/0/0/0/1
71#0.7888889#-0.07428205/0.4367626/-0.8965046/-0.7392948/0.004023328/0.8991125/0.4376995/0.6108038/0.9972292/0.02890627/-0.0685451/-0.3394074/0/0/0/1
72#0.8#-0.07419671/0.4366397/-0.8965719/-0.7393944/0.003975959/0.8991721/0.4375773/0.6108353/0.9972361/0.02890202/-0.06845166/-0.3394103/0/0/0/1
73#0.8111112#-0.07418001/0.4367474/-0.8965207/-0.739419/0.004091785/0.8991231/0.4376768/0.610836/0.9972367/0.02879849/-0.06848408/-0.3394043/0/0/0/1
74#0.8222222#-0.07419205/0.4368843/-0.896453/-0.7393091/0.003917888/0.899051/0.4378264/0.6108896/0.9972364/0.02897102/-0.0684141/-0.3394394/0/0/0/1
75#0.8333334#-0.07413793/0.4369618/-0.8964197/-0.7391603/0.004000053/0.8990163/0.4378969/0.6109058/0.99724/0.02887899/-0.06839908/-0.3394337/0/0/0/1
76#0.8444445#-0.0742352/0.4370147/-0.8963857/-0.7391598/0.004105508/0.898992/0.4379455/0.6109102/0.9972323/0.02883082/-0.06853104/-0.339422/0/0/0/1
77#0.8555556#-0.07424104/0.4370497/-0.8963681/-0.7390842/0.003905073/0.8989692/0.4379945/0.6107773/0.9972327/0.02901679/-0.06844711/-0.3393331/0/0/0/1
78#0.8666667#-0.07429779/0.4370627/-0.8963571/-0.7390697/0.003981054/0.8989643/0.4380039/0.61076/0.9972283/0.02897425/-0.06853104/-0.3393219/0/0/0/1
79#0.8777778#-0.0741619/0.4369703/-0.8964136/-0.7391238/0.004054488/0.8990135/0.4379023/0.610751/0.9972383/0.02884112/-0.06844426/-0.339313/0/0/0/1
80#0.8888889#-0.0742339/0.4368532/-0.8964649/-0.7390904/0.003998593/0.899068/0.4377909/0.6107413/0.9972332/0.02891427/-0.06848814/-0.3393013/0/0/0/1
81#0.9#-0.07411671/0.4369515/-0.8964265/-0.7391837/0.00403221/0.8990226/0.4378837/0.6107564/0.9972416/0.02883987/-0.06839443/-0.3393273/0/0/0/1
82#0.9111111#-0.07420075/0.4369591/-0.8964157/-0.7391715/0.004045278/0.899018/0.4378929/0.6107552/0.9972351/0.02886571/-0.06847537/-0.3393188/0/0/0/1
83#0.9222223#-0.0741886/0.4370289/-0.896383/-0.7391322/0.004027218/0.8989837/0.4379638/0.6108462/0.9972363/0.02888197/-0.0684544/-0.3393631/0/0/0/1
84#0.9333333#-0.07418346/0.437007/-0.8963938/-0.7391396/0.00416626/0.8989984/0.437932/0.6108527/0.9972358/0.02875271/-0.06851149/-0.3393593/0/0/0/1
85#0.9444445#-0.07437348/0.4368454/-0.8964567/-0.7391481/0.004025414/0.8990706/0.4377852/0.6108563/0.9972222/0.028951/-0.06862557/-0.3393183/0/0/0/1
86#0.9555556#-0.07423412/0.4369094/-0.896437/-0.7391493/0.003995895/0.8990405/0.4378473/0.6108302/0.9972327/0.02892119/-0.06848537/-0.3392599/0/0/0/1
87#0.9666667#-0.07414748/0.4370877/-0.8963577/-0.7391517/0.004076079/0.8989569/0.4380183/0.6106458/0.9972393/0.02882424/-0.068437/-0.3395131/0/0/0/1
88#0.9777778#-0.07412565/0.4370301/-0.8963874/-0.7391834/0.00402549/0.8989839/0.4379633/0.6106585/0.997241/0.0288559/-0.06839705/-0.339524/0/0/0/1
89#0.9888889#-0.07421864/0.4369605/-0.8964137/-0.7391865/0.004135505/0.8990198/0.4378886/0.6106629/0.9972336/0.02879234/-0.06853104/-0.3395317/0/0/0/1
90#1#-0.07394613/0.4369497/-0.8964416/-0.7392175/0.004020602/0.8990256/0.4378778/0.6106939/0.9972543/0.02877511/-0.06823637/-0.3395629/0/0/0/1
91#1.011111#-0.07422853/0.4369504/-0.8964176/-0.7392352/0.004070804/0.8990226/0.4378832/0.6106856/0.997233/0.02885428/-0.06851184/-0.3395596/0/0/0/1
92#1.022222#-0.07413591/0.4369135/-0.8964437/-0.7392347/0.004061372/0.8990418/0.4378442/0.610745/0.9972402/0.0288191/-0.06842568/-0.3395557/0/0/0/1
93#1.033333#-0.07397534/0.4369599/-0.8964341/-0.7391832/0.004038141/0.8990207/0.4378876/0.6107237/0.9972522/0.02877297/-0.06826986/-0.3395531/0/0/0/1
94#1.044444#-0.07414199/0.4370202/-0.8963909/-0.7391808/0.004049049/0.8989892/0.4379522/0.6107435/0.9972398/0.02884108/-0.06842232/-0.3394985/0/0/0/1
95#1.055556#-0.07409764/0.4370258/-0.8963917/-0.7390554/0.004063458/0.8989875/0.4379554/0.6107023/0.9972429/0.028809/-0.0683887/-0.3394897/0/0/0/1
96#1.066667#-0.07391894/0.4369648/-0.8964363/-0.7390454/0.003913879/0.8990155/0.4378995/0.6107007/0.9972566/0.02886046/-0.06816448/-0.3395101/0/0/0/1
97#1.077778#-0.0741166/0.4370704/-0.8963687/-0.7389657/0.003975914/0.8989628/0.4380069/0.610727/0.997242/0.02889961/-0.06836583/-0.3395271/0/0/0/1
98#1.088889#-0.07406187/0.4370393/-0.8963882/-0.7389424/0.004132152/0.8989833/0.4379633/0.6107438/0.9972451/0.02873236/-0.06838632/-0.3395122/0/0/0/1
99#1.1#-0.07399178/0.4371108/-0.8963593/-0.7389646/0.004142598/0.8989497/0.4380323/0.6107776/0.9972504/0.02869746/-0.06832565/-0.3395407/0/0/0/1
100#1.111111#-0.07401729/0.4370391/-0.8963918/-0.739023/0.004060358/0.8989819/0.4379667/0.6107469/0.9972487/0.02877742/-0.06831479/-0.3395119/0/0/0/1
101#1.122222#-0.07413732/0.4370219/-0.8963901/-0.7390296/0.004083022/0.8989894/0.4379513/0.6107775/0.9972394/0.02880858/-0.06843304/-0.3394904/0/0/0/1
102#1.133333#-0.07416344/0.4369901/-0.8964038/-0.7389667/0.004113794/0.8990054/0.4379182/0.6107492/0.9972378/0.02878982/-0.06847096/-0.3394613/0/0/0/1
103#1.144444#-0.07424677/0.4368416/-0.8964692/-0.7389538/0.004163713/0.8990782/0.4377683/0.6107675/0.9972314/0.02877024/-0.06857253/-0.3394535/0/0/0/1
104#1.155556#-0.07414283/0.4371113/-0.8963466/-0.738853/0.004111246/0.8989466/0.4380393/0.6107806/0.9972395/0.02879233/-0.06844749/-0.3395076/0/0/0/1
105#1.166667#-0.07421028/0.437069/-0.8963612/-0.7388365/0.004057168/0.8989646/0.4380025/0.6107973/0.9972343/0.0288676/-0.06848573/-0.3394848/0/0/0/1
106#1.177778#-0.0742954/0.4370093/-0.8963833/-0.7388523/0.004042089/0.8989921/0.4379461/0.6108114/0.9972281/0.02891409/-0.06855738/-0.3394692/0/0/0/1
107#1.188889#-0.07409453/0.4370882/-0.8963615/-0.7388403/0.00392966/0.8989532/0.4380271/0.6108187/0.9972435/0.02893297/-0.06832516/-0.3395016/0/0/0/1
108#1.2#-0.07411576/0.436902/-0.8964506/-0.7389557/0.004091979/0.8990486/0.4378298/0.6107423/0.9972414/0.02878177/-0.06842136/-0.3395277/0/0/0/1
109#1.211111#-0.07427418/0.4369493/-0.8964143/-0.7389452/0.004133373/0.8990244/0.4378791/0.6107531/0.9972293/0.02881791/-0.06858039/-0.3395145/0/0/0/1
110#1.222222#-0.07410409/0.4369603/-0.8964234/-0.7389367/0.004108847/0.8990207/0.437887/0.610731/0.9972424/0.02876587/-0.06841649/-0.3395606/0/0/0/1
111#1.233333#-0.07422079/0.4368496/-0.8964678/-0.738919/0.003997759/0.8990699/0.437787/0.6107261/0.9972342/0.02890894/-0.06847622/-0.3395796/0/0/0/1
112#1.244444#-0.07401478/0.4370054/-0.8964087/-0.7388999/0.004021227/0.8989973/0.4379357/0.6107185/0.9972491/0.02880902/-0.06829645/-0.3395777/0/0/0/1
113#1.255556#-0.07420231/0.4369699/-0.8964106/-0.7388065/0.004129724/0.8990152/0.437898/0.610738/0.997235/0.02879103/-0.06851353/-0.3395956/0/0/0/1
114#1.266667#-0.07417083/0.4370471/-0.8963752/-0.7387772/0.004032746/0.8989751/0.4379811/0.6107545/0.9972374/0.02887055/-0.0684402/-0.3395526/0/0/0/1
115#1.277778#-0.07409347/0.4369982/-0.8964055/-0.7387407/0.004097611/0.899002/0.4379253/0.6107416/0.997243/0.02877426/-0.06840086/-0.3395631/0/0/0/1
116#1.288889#-0.07396844/0.4369639/-0.8964329/-0.7387321/0.004103513/0.8990209/0.4378869/0.6107756/0.9972526/0.0287112/-0.06829228/-0.3395581/0/0/0/1
117#1.3#-0.07408929/0.4369869/-0.8964115/-0.7389469/0.004007176/0.899005/0.4379202/0.6106954/0.9972436/0.0288531/-0.06835771/-0.3395027/0/0/0/1
118#1.311111#-0.07402062/0.4368957/-0.8964614/-0.7389383/0.004054174/0.899052/0.4378234/0.6106902/0.9972485/0.02877355/-0.06831956/-0.3395059/0/0/0/1
119#1.322222#-0.07405411/0.437003/-0.8964061/-0.7390189/0.004124671/0.899001/0.437927/0.6107042/0.9972456/0.02873293/-0.06837724/-0.3395287/0/0/0/1
120#1.333333#-0.07400335/0.4369547/-0.8964343/-0.7391798/0.004189/0.8990272/0.4378729/0.6107486/0.9972494/0.02864882/-0.06836141/-0.3395197/0/0/0/1
121#1.344445#-0.07398689/0.4368554/-0.8964838/-0.7391937/0.00399904/0.8990704/0.4377858/0.6107495/0.9972512/0.02880532/-0.06826639/-0.3395084/0/0/0/1
122#1.355556#-0.07402492/0.4368567/-0.8964803/-0.7392664/0.00410387/0.8990723/0.4377811/0.6107037/0.9972481/0.02872765/-0.06834663/-0.3394792/0/0/0/1
123#1.366667#-0.07412219/0.4368129/-0.8964933/-0.7392833/0.003938809/0.8990875/0.4377513/0.6107129/0.9972414/0.02891599/-0.06836282/-0.3394328/0/0/0/1
124#1.377778#-0.07407045/0.4368408/-0.8964843/-0.7392602/0.003915995/0.899074/0.4377793/0.6106584/0.9972453/0.02891588/-0.0683055/-0.3394047/0/0/0/1
125#1.388889#-0.07415915/0.4369725/-0.8964126/-0.7392888/0.004021183/0.8990114/0.4379067/0.6106411/0.9972383/0.02887011/-0.06842709/-0.3393605/0/0/0/1
126#1.4#-0.07408226/0.4369295/-0.8964401/-0.7392128/0.003996373/0.8990328/0.4378631/0.610674/0.9972443/0.02885534/-0.06834853/-0.3393769/0/0/0/1
127#1.411111#-0.07399464/0.4368608/-0.8964809/-0.7392204/0.004093886/0.8990704/0.4377851/0.6106634/0.9972504/0.02872358/-0.06831492/-0.3393644/0/0/0/1
128#1.422222#-0.07409192/0.4369033/-0.8964518/-0.7391725/0.004071445/0.8990476/0.4378319/0.6107564/0.9972433/0.02878997/-0.06839108/-0.3394008/0/0/0/1
129#1.433333#-0.07411326/0.4370164/-0.896395/-0.7391939/0.004023016/0.8989907/0.4379493/0.6106938/0.9972419/0.0288516/-0.06838524/-0.3393667/0/0/0/1
130#1.444445#-0.07401287/0.4370714/-0.8963763/-0.7392154/0.003907233/0.8989619/0.4380094/0.6106791/0.9972495/0.02891602/-0.06824254/-0.3393798/0/0/0/1
131#1.455556#-0.07418038/0.4369665/-0.8964139/-0.7391005/0.004026533/0.8990142/0.437901/0.6106305/0.9972371/0.02887416/-0.06844867/-0.339361/0/0/0/1
132#1.466667#-0.07401871/0.4369836/-0.8964186/-0.7391024/0.004086375/0.8990098/0.4379093/0.6106274/0.9972483/0.02875039/-0.06832921/-0.3393695/0/0/0/1
133#1.477778#-0.07401871/0.4369836/-0.8964186/-0.7391024/0.004086375/0.8990098/0.4379093/0.6106274/0.9972483/0.02875039/-0.06832921/-0.3393695/0/0/0/1
134#1.488889#-0.07404161/0.4371302/-0.8963454/-0.7390134/0.004277081/0.8989434/0.4380439/0.6107059/0.9972461/0.02859972/-0.06842875/-0.339401/0/0/0/1
135#1.5#-0.07414627/0.4371273/-0.8963385/-0.7390044/0.004238471/0.8989422/0.4380468/0.6107718/0.9972384/0.0286804/-0.06850602/-0.3394476/0/0/0/1
136#1.511111#-0.07408119/0.4370731/-0.8963702/-0.7389991/0.004319817/0.898972/0.4379849/0.6107947/0.997243/0.02857424/-0.06848503/-0.3394517/0/0/0/1
137#1.522222#-0.07403863/0.4371333/-0.8963441/-0.7391291/0.004177765/0.8989391/0.4380537/0.610772/0.9972468/0.02868815/-0.0683825/-0.3394157/0/0/0/1
138#1.533333#-0.07400501/0.4370176/-0.8964034/-0.7391188/0.004133314/0.898995/0.4379397/0.6107579/0.9972493/0.02870457/-0.06833649/-0.3394232/0/0/0/1
139#1.544444#-0.07396985/0.4369682/-0.8964304/-0.7393601/0.004087866/0.8990181/0.4378924/0.610647/0.9972523/0.02872634/-0.06828655/-0.3393421/0/0/0/1
140#1.555556#-0.07401013/0.4370186/-0.8964025/-0.7393785/0.004266455/0.8989981/0.4379319/0.6106273/0.9972483/0.02858692/-0.06839956/-0.3393342/0/0/0/1
141#1.566667#-0.0739014/0.4369021/-0.896468/-0.7394965/0.00415708/0.8990533/0.4378193/0.6106453/0.9972566/0.02862878/-0.06825756/-0.3393365/0/0/0/1
142#1.577778#-0.07405592/0.436974/-0.8964205/-0.7396071/0.004193545/0.899017/0.4378935/0.6106876/0.9972455/0.02866937/-0.06840993/-0.3393621/0/0/0/1
143#1.588889#-0.07397068/0.4369483/-0.8964403/-0.7396243/0.004259527/0.8990328/0.4378608/0.6106669/0.9972515/0.02857041/-0.06836332/-0.3393238/0/0/0/1
144#1.6#-0.0739937/0.4369429/-0.8964411/-0.7397003/0.004224644/0.8990341/0.4378585/0.610638/0.9972501/0.02861154/-0.06836881/-0.3393095/0/0/0/1
145#1.611111#-0.07406902/0.436893/-0.8964586/-0.7397244/0.00436011/0.8990613/0.4378011/0.6106218/0.9972436/0.02851887/-0.06849753/-0.3392665/0/0/0/1
146#1.622222#-0.07402886/0.4368864/-0.8964655/-0.7398176/0.004159973/0.8990594/0.4378071/0.6105824/0.9972476/0.02868102/-0.06837381/-0.339246/0/0/0/1
147#1.633333#-0.07405806/0.4368016/-0.8965045/-0.7398465/0.004273817/0.8991036/0.4377152/0.6105566/0.997245/0.02858476/-0.06845273/-0.3392208/0/0/0/1
148#1.644444#-0.07397643/0.4369708/-0.8964289/-0.739938/0.00413865/0.8990183/0.4378917/0.6105435/0.9972519/0.02868359/-0.06831469/-0.3392258/0/0/0/1
149#1.655556#-0.07404352/0.4369394/-0.8964386/-0.7399728/0.004184112/0.899034/0.4378591/0.6105096/0.9972464/0.02866982/-0.06839587/-0.3392026/0/0/0/1
150#1.666667#-0.07412087/0.4369474/-0.8964277/-0.7399628/0.004156157/0.8990281/0.4378711/0.6105375/0.9972404/0.02872969/-0.0684527/-0.3392352/0/0/0/1
151#1.677778#-0.07396353/0.4369541/-0.8964379/-0.739996/0.004233122/0.8990292/0.4378681/0.6105304/0.9972521/0.02859153/-0.06834508/-0.3392248/0/0/0/1
152#1.688889#-0.07407808/0.4370921/-0.896361/-0.7399418/0.004272714/0.8989614/0.438007/0.6105692/0.9972432/0.0286168/-0.06846082/-0.3391998/0/0/0/1
153#1.7#-0.07389141/0.4371523/-0.8963473/-0.7397363/0.004390896/0.8989379/0.4380541/0.6106038/0.9972568/0.02843264/-0.0683433/-0.3392439/0/0/0/1
154#1.711111#-0.07406736/0.4371181/-0.8963493/-0.7397311/0.004364446/0.8989514/0.4380266/0.6105973/0.9972439/0.02853139/-0.06849075/-0.3392118/0/0/0/1
155#1.722222#-0.07396137/0.4372179/-0.8963091/-0.7394357/0.004267066/0.8989013/0.4381302/0.6106188/0.9972518/0.0285801/-0.06834959/-0.3392695/0/0/0/1
156#1.733333#-0.07391716/0.4373484/-0.8962493/-0.7394123/0.004356996/0.8988408/0.4382536/0.6105893/0.9972551/0.02848947/-0.06834519/-0.3393135/0/0/0/1
157#1.744444#-0.07407523/0.4372738/-0.8962729/-0.7393379/0.00439027/0.898876/0.4381812/0.6106154/0.9972432/0.02852346/-0.06850423/-0.3393004/0/0/0/1
158#1.755556#-0.07407488/0.4372886/-0.8962656/-0.7393272/0.004442991/0.8988701/0.4381924/0.6106284/0.9972431/0.02847695/-0.06852663/-0.3392979/0/0/0/1
159#1.766667#-0.07391478/0.4373065/-0.8962702/-0.7392726/0.004412339/0.8988629/0.4382079/0.6106123/0.9972551/0.02843535/-0.06836881/-0.3393269/0/0/0/1
160#1.777778#-0.07385314/0.4372426/-0.8963065/-0.7392395/0.004441679/0.8988958/0.4381401/0.6106097/0.9972594/0.02837688/-0.0683284/-0.33933/0/0/0/1
161#1.788889#-0.07388056/0.4372757/-0.8962879/-0.7392423/0.004331619/0.898876/0.4381815/0.6105635/0.9972579/0.02849071/-0.06830359/-0.3393552/0/0/0/1
162#1.8#-0.07385671/0.4373005/-0.8962775/-0.7391946/0.004372805/0.8988655/0.4382028/0.6105721/0.9972593/0.02844493/-0.06829941/-0.3393617/0/0/0/1
163#1.811111#-0.07394565/0.4374625/-0.8961912/-0.7391851/0.004497692/0.8987886/0.4383593/0.6105824/0.9972523/0.02838394/-0.06842899/-0.3393519/0/0/0/1
164#1.822222#-0.07383204/0.4373461/-0.8962575/-0.7391624/0.004310996/0.8988417/0.4382522/0.6105759/0.9972615/0.02849324/-0.06824864/-0.3393598/0/0/0/1
165#1.833333#-0.07377544/0.4372053/-0.8963311/-0.7391343/0.004480721/0.8989162/0.4380977/0.6106085/0.9972653/0.02830458/-0.06827702/-0.3393488/0/0/0/1
166#1.844445#-0.0738827/0.4372844/-0.8962832/-0.7391198/0.004429564/0.8988746/0.4381835/0.6106075/0.9972571/0.02840401/-0.06834816/-0.3393064/0/0/0/1
167#1.855556#-0.07390833/0.4371852/-0.8963298/-0.7390976/0.004402533/0.898922/0.4380866/0.6106254/0.9972553/0.02843209/-0.06836248/-0.3393224/0/0/0/1
168#1.866667#-0.07390618/0.4372309/-0.8963074/-0.7391458/0.004498437/0.8989024/0.4381259/0.6106519/0.997255/0.02834825/-0.06840134/-0.339327/0/0/0/1
169#1.877778#-0.07374656/0.437223/-0.8963245/-0.7391231/0.004348889/0.8989041/0.4381236/0.6106472/0.9972675/0.0284121/-0.06819248/-0.339343/0/0/0/1
170#1.888889#-0.0738871/0.4372559/-0.8962966/-0.7391944/0.004506662/0.8988906/0.4381498/0.6106273/0.9972563/0.02833429/-0.0683869/-0.3393495/0/0/0/1
171#1.9#-0.0737698/0.4372466/-0.896311/-0.7391636/0.004555299/0.8988982/0.4381338/0.6106714/0.9972648/0.02823807/-0.06830335/-0.3394017/0/0/0/1
172#1.911111#-0.07388819/0.4372283/-0.8963102/-0.7391498/0.004489333/0.8989037/0.4381234/0.6106815/0.9972566/0.02834827/-0.06838119/-0.3394074/0/0/0/1
173#1.922222#-0.07378639/0.4372658/-0.8963003/-0.7391663/0.004515782/0.8988875/0.4381562/0.6106439/0.997264/0.02828245/-0.06830025/-0.3393929/0/0/0/1
174#1.933333#-0.07380866/0.4371903/-0.8963352/-0.739156/0.004462465/0.8989226/0.4380848/0.6106759/0.9972622/0.02833457/-0.06829917/-0.3393714/0/0/0/1
175#1.944445#-0.07383526/0.4371754/-0.8963405/-0.739218/0.00453803/0.8989316/0.4380655/0.6106828/0.9972603/0.02827704/-0.06835676/-0.3393703/0/0/0/1
176#1.955556#-0.07388963/0.4370223/-0.8964109/-0.7392468/0.004483418/0.899004/0.4379174/0.6106657/0.9972567/0.02833852/-0.06838645/-0.3393605/0/0/0/1
177#1.966667#-0.07388963/0.4370223/-0.8964109/-0.7392468/0.004483418/0.899004/0.4379174/0.6106657/0.9972567/0.02833852/-0.06838645/-0.3393605/0/0/0/1
178#1.977778#-0.07382704/0.437105/-0.8963754/-0.7392485/0.004463301/0.8989639/0.4379998/0.6106687/0.9972612/0.02833538/-0.06831872/-0.339355/0/0/0/1
179#1.988889#-0.07394588/0.437193/-0.8963225/-0.739291/0.004501343/0.8989204/0.4380887/0.6106483/0.9972521/0.02836023/-0.06843948/-0.33937/0/0/0/1
180#2#-0.07411731/0.4370416/-0.8963825/-0.7393179/0.00442195/0.8989898/0.4379474/0.610678/0.9972399/0.02849568/-0.06856323/-0.3393676/0/0/0/1
181#2.011111#-0.07388687/0.4370144/-0.8964146/-0.739325/0.004362062/0.8990046/0.4379175/0.610689/0.9972571/0.02844614/-0.06833088/-0.3393776/0/0/0/1
182#2.022222#-0.0740255/0.4369118/-0.8964531/-0.7393496/0.004363446/0.8990527/0.4378184/0.6106569/0.9972466/0.02849811/-0.06845926/-0.3393421/0/0/0/1
183#2.033333#-0.07406032/0.4369275/-0.896443/-0.7393472/0.004341722/0.899044/0.4378368/0.610651/0.9972444/0.02853419/-0.06848063/-0.3393235/0/0/0/1
184#2.044445#-0.07386221/0.4370041/-0.896422/-0.7393377/0.004520104/0.8990145/0.4378958/0.6106694/0.9972585/0.02829196/-0.06837858/-0.3393283/0/0/0/1
185#2.055556#-0.07394147/0.4370941/-0.8963711/-0.7393076/0.004311189/0.8989633/0.4380025/0.6106639/0.9972532/0.02852213/-0.06835508/-0.339298/0/0/0/1
186#2.066667#-0.07394147/0.4370941/-0.8963711/-0.7393076/0.004311189/0.8989633/0.4380025/0.6106639/0.9972532/0.02852213/-0.06835508/-0.339298/0/0/0/1
187#2.077778#-0.0739055/0.4370644/-0.8963891/-0.7393/0.004392938/0.8989808/0.4379662/0.6106584/0.9972561/0.02843027/-0.06835963/-0.3393019/0/0/0/1
188#2.088889#-0.07389046/0.4368819/-0.8964792/-0.7392919/0.004550964/0.8990746/0.4377719/0.6106794/0.9972562/0.02826728/-0.06842126/-0.3392612/0/0/0/1
189#2.1#-0.07390141/0.4369094/-0.8964646/-0.7392938/0.004306361/0.899054/0.4378165/0.6106685/0.9972563/0.02849474/-0.0683229/-0.3393118/0/0/0/1
190#2.111111#-0.07390141/0.4369094/-0.8964646/-0.7392938/0.004306361/0.899054/0.4378165/0.6106685/0.9972563/0.02849474/-0.0683229/-0.3393118/0/0/0/1
191#2.122222#-0.07396233/0.4369804/-0.8964249/-0.7392895/0.004398882/0.8990211/0.4378831/0.6106501/0.9972513/0.02844362/-0.068416/-0.3392978/0/0/0/1
192#2.133333#-0.07397152/0.4368478/-0.8964892/-0.7393067/0.004322411/0.8990836/0.4377557/0.6106325/0.9972513/0.0285064/-0.06839491/-0.3393092/0/0/0/1
193#2.144444#-0.07397152/0.4368478/-0.8964892/-0.7393067/0.004322411/0.8990836/0.4377557/0.6106325/0.9972513/0.0285064/-0.06839491/-0.3393092/0/0/0/1
194#2.155556#-0.07400643/0.4370261/-0.8963988/-0.7393112/0.004245758/0.8989938/0.4379406/0.6106074/0.9972486/0.02860454/-0.06838679/-0.3393216/0/0/0/1
195#2.166667#-0.07401073/0.4368841/-0.8964679/-0.7392967/0.004296973/0.8990647/0.4377948/0.6106431/0.9972482/0.02854943/-0.06841779/-0.3393185/0/0/0/1
196#2.177778#-0.07401622/0.4371054/-0.8963597/-0.7393486/0.004223571/0.8989542/0.4380221/0.6105977/0.9972483/0.02863489/-0.06838334/-0.339335/0/0/0/1
197#2.188889#-0.07401622/0.4371054/-0.8963597/-0.7393486/0.004223571/0.8989542/0.4380221/0.6105977/0.9972483/0.02863489/-0.06838334/-0.339335/0/0/0/1
198#2.2#-0.07408965/0.4369596/-0.8964248/-0.7393022/0.004407346/0.8990299/0.4378653/0.6106195/0.9972419/0.02849038/-0.06853462/-0.3393438/0/0/0/1
199#2.211111#-0.0741042/0.4368994/-0.8964531/-0.739285/0.004392208/0.8990588/0.4378064/0.6106236/0.9972412/0.02850584/-0.06854297/-0.3393548/0/0/0/1
200#2.222222#-0.07396304/0.4368581/-0.8964843/-0.7392857/0.004350662/0.8990794/0.4377637/0.6106306/0.9972514/0.02847805/-0.0683993/-0.3393173/0/0/0/1
201#2.233333#-0.07396304/0.4368581/-0.8964843/-0.7392857/0.004350662/0.8990794/0.4377637/0.6106306/0.9972514/0.02847805/-0.0683993/-0.3393173/0/0/0/1
202#2.244445#-0.07394542/0.4371246/-0.8963564/-0.7392895/0.004302532/0.8989482/0.4380339/0.6105975/0.9972534/0.02853392/-0.06835379/-0.3393409/0/0/0/1
203#2.255556#-0.07392348/0.4368916/-0.8964718/-0.7392204/0.004497216/0.8990679/0.4377862/0.6106251/0.997254/0.02833101/-0.06842698/-0.3393085/0/0/0/1
204#2.266667#-0.07392348/0.4368916/-0.8964718/-0.7392204/0.004497216/0.8990679/0.4377862/0.6106251/0.997254/0.02833101/-0.06842698/-0.3393085/0/0/0/1
205#2.277778#-0.07386304/0.4370926/-0.8963785/-0.7392101/0.004452467/0.8989693/0.4379891/0.6106682/0.9972586/0.02836005/-0.06834674/-0.3393576/0/0/0/1
206#2.288889#-0.07390427/0.4368188/-0.8965083/-0.7391834/0.004430413/0.8991018/0.4377171/0.6107014/0.9972553/0.02837726/-0.06838273/-0.339344/0/0/0/1
207#2.3#-0.0739547/0.4370457/-0.8963937/-0.7392361/0.004473239/0.8989914/0.4379432/0.6107128/0.9972516/0.02837822/-0.06843972/-0.3393617/0/0/0/1
208#2.311111#-0.0739547/0.4370457/-0.8963937/-0.7392361/0.004473239/0.8989914/0.4379432/0.6107128/0.9972516/0.02837822/-0.06843972/-0.3393617/0/0/0/1
209#2.322222#-0.073905/0.4370906/-0.896376/-0.7392666/0.00445667/0.8989698/0.437988/0.6106879/0.9972555/0.02837466/-0.06838632/-0.3393341/0/0/0/1
210#2.333333#-0.0739243/0.4369438/-0.8964458/-0.7392547/0.004449427/0.8990409/0.4378418/0.6106904/0.9972538/0.02837845/-0.06840514/-0.3393384/0/0/0/1
211#2.344445#-0.07387423/0.4368626/-0.8964894/-0.7392352/0.004363015/0.8990789/0.4377648/0.6107006/0.9972579/0.02842815/-0.0683248/-0.3393606/0/0/0/1
212#2.355556#-0.07386388/0.4369869/-0.8964301/-0.7392113/0.004469351/0.8990216/0.4378819/0.6107283/0.9972587/0.02833717/-0.06835831/-0.339411/0/0/0/1
213#2.366667#-0.07402908/0.4371169/-0.8963528/-0.7392111/0.004445925/0.8989549/0.4380185/0.6107341/0.9972461/0.02844101/-0.06849217/-0.339402/0/0/0/1
214#2.377778#-0.07395329/0.4370452/-0.8963947/-0.7392449/0.004431651/0.8989908/0.4379455/0.6107346/0.9972522/0.02841494/-0.06842019/-0.3393981/0/0/0/1
215#2.388889#-0.07388199/0.4370181/-0.8964134/-0.7392316/0.00449206/0.8990064/0.4379123/0.6107287/0.9972571/0.02832701/-0.06838346/-0.339386/0/0/0/1
216#2.4#-0.07394315/0.4369832/-0.8964255/-0.7392852/0.004470394/0.899022/0.4378805/0.6106678/0.9972526/0.0283708/-0.06842996/-0.3393438/0/0/0/1
217#2.411111#-0.07405985/0.4370151/-0.8964/-0.7392747/0.00428401/0.8989996/0.4379285/0.6106838/0.9972448/0.02859272/-0.06845188/-0.3392773/0/0/0/1
218#2.422222#-0.07401835/0.4370472/-0.8963878/-0.7392979/0.00431317/0.8989852/0.4379576/0.6106423/0.9972475/0.02855064/-0.06842649/-0.339247/0/0/0/1
219#2.433333#-0.07395962/0.4369294/-0.8964505/-0.7392943/0.004289271/0.899043/0.4378394/0.6106511/0.9972525/0.02853723/-0.06836702/-0.3392324/0/0/0/1
220#2.444444#-0.07404173/0.4369921/-0.8964128/-0.7392287/0.004229874/0.8990095/0.4379087/0.610673/0.9972464/0.02863178/-0.06841267/-0.3392649/0/0/0/1
221#2.455556#-0.07394541/0.4371454/-0.8963461/-0.7392058/0.004302115/0.8989381/0.4380547/0.6107072/0.9972532/0.02853592/-0.06835295/-0.3392709/0/0/0/1
222#2.466667#-0.07393194/0.4370269/-0.896405/-0.7391946/0.004325957/0.8989968/0.4379338/0.6107177/0.9972541/0.02849944/-0.06835509/-0.3392742/0/0/0/1
223#2.477778#-0.07401145/0.4371306/-0.8963479/-0.7391949/0.004278854/0.8989437/0.4380434/0.6106817/0.9972484/0.02858484/-0.06840254/-0.3392489/0/0/0/1
224#2.488889#-0.07385756/0.437073/-0.8963889/-0.7391737/0.004274712/0.8989741/0.4379815/0.610682/0.99726/0.02851633/-0.06826439/-0.3392676/0/0/0/1
225#2.5#-0.07389177/0.437136/-0.8963549/-0.7391539/0.004230321/0.8989413/0.4380487/0.6106969/0.9972575/0.02857628/-0.06827366/-0.3392756/0/0/0/1
226#2.511111#-0.07395864/0.4370262/-0.8964033/-0.7391367/0.004255355/0.8989947/0.4379388/0.6107161/0.9972524/0.02857479/-0.06834818/-0.3392735/0/0/0/1
227#2.522222#-0.07397021/0.4370906/-0.8963706/-0.7391045/0.004270554/0.8989636/0.4380026/0.6107401/0.9972515/0.02857114/-0.06836319/-0.3392859/0/0/0/1
228#2.533333#-0.07403626/0.4370047/-0.8964072/-0.7390821/0.004392759/0.8990081/0.43791/0.6107558/0.9972462/0.02848348/-0.06847883/-0.3392749/0/0/0/1
229#2.544445#-0.07403041/0.4370756/-0.8963731/-0.7391667/0.004265398/0.8989699/0.4379897/0.6107568/0.997247/0.02860114/-0.06841541/-0.3393012/0/0/0/1
230#2.555556#-0.07393683/0.4369415/-0.8964462/-0.7391455/0.004387171/0.8990402/0.4378441/0.6107708/0.9972534/0.02843991/-0.06838907/-0.3393062/0/0/0/1
231#2.566667#-0.07395817/0.4369784/-0.8964265/-0.7391422/0.004400626/0.8990223/0.4378808/0.610713/0.9972518/0.02844/-0.06841303/-0.3393354/0/0/0/1
232#2.577778#-0.07398212/0.4370703/-0.8963796/-0.7391202/0.004391283/0.8989767/0.4379744/0.610672/0.9972499/0.02846597/-0.06842745/-0.3393141/0/0/0/1
233#2.588889#-0.07393672/0.4370505/-0.8963932/-0.7391107/0.004371391/0.8989865/0.4379546/0.6106778/0.9972537/0.02846238/-0.06837858/-0.3393341/0/0/0/1
234#2.6#-0.07391049/0.4371638/-0.8963402/-0.7391329/0.004379914/0.8989318/0.4380669/0.6106112/0.9972556/0.0284518/-0.06835522/-0.3393114/0/0/0/1
235#2.611111#-0.07408559/0.4370225/-0.8963943/-0.7391129/0.004334047/0.8989971/0.4379332/0.6106138/0.9972425/0.02855954/-0.06849682/-0.3393226/0/0/0/1
236#2.622222#-0.07397819/0.4369548/-0.8964363/-0.7391186/0.00434725/0.899032/0.4378614/0.6106387/0.9972506/0.02849516/-0.06840838/-0.3393478/0/0/0/1
237#2.633333#-0.07391406/0.4370168/-0.8964115/-0.7391186/0.004401997/0.8990042/0.4379181/0.6106384/0.9972551/0.02842224/-0.06837286/-0.3393536/0/0/0/1
238#2.644444#-0.07400133/0.4370999/-0.8963637/-0.7391875/0.004365803/0.8989613/0.4380063/0.610664/0.9972489/0.02849965/-0.06843258/-0.3393157/0/0/0/1
239#2.655556#-0.07393789/0.4370551/-0.8963906/-0.7391694/0.004350766/0.8989837/0.4379606/0.6106627/0.9972532/0.02848189/-0.06837046/-0.3393252/0/0/0/1
240#2.666667#-0.07412469/0.4369179/-0.8964422/-0.7391777/0.004521981/0.899053/0.4378166/0.6106678/0.9972388/0.0283993/-0.06861783/-0.3393518/0/0/0/1
241#2.677778#-0.07394446/0.4370264/-0.8964042/-0.7391446/0.004528419/0.8990027/0.4379199/0.6106588/0.9972524/0.02832237/-0.06845523/-0.3393573/0/0/0/1
242#2.688889#-0.07390667/0.4370275/-0.8964068/-0.7391484/0.004309968/0.8989964/0.4379348/0.6106631/0.997256/0.02850282/-0.06832541/-0.3393769/0/0/0/1
243#2.7#-0.07392205/0.4370638/-0.8963879/-0.7391541/0.004397139/0.8989812/0.4379656/0.6106509/0.9972546/0.02843373/-0.06837631/-0.3393648/0/0/0/1
244#2.711111#-0.0739212/0.4371311/-0.8963548/-0.7391512/0.004434645/0.8989491/0.4380305/0.6106719/0.9972541/0.02840473/-0.06838989/-0.3393273/0/0/0/1
245#2.722222#-0.07392704/0.4371378/-0.896351/-0.7391424/0.004417092/0.8989453/0.4380386/0.6106579/0.9972539/0.02842361/-0.06838726/-0.3393273/0/0/0/1
246#2.733333#-0.07387818/0.4370768/-0.8963849/-0.7391164/0.00447549/0.8989775/0.4379721/0.6107219/0.9972574/0.0283448/-0.06837094/-0.3392282/0/0/0/1
247#2.744445#-0.07395314/0.4370972/-0.8963685/-0.7391999/0.004430949/0.8989651/0.4379976/0.6107026/0.9972517/0.02841955/-0.06841801/-0.3391782/0/0/0/1
248#2.755556#-0.07395649/0.437156/-0.8963398/-0.7391996/0.004414856/0.8989359/0.4380579/0.6107616/0.9972517/0.02844001/-0.06841218/-0.339191/0/0/0/1
249#2.766667#-0.07388365/0.4370572/-0.8963942/-0.7391994/0.004427716/0.8989856/0.4379559/0.6107613/0.9972571/0.0283888/-0.06835545/-0.3392169/0/0/0/1
250#2.777778#-0.07387627/0.4370841/-0.8963816/-0.739188/0.00443928/0.8989729/0.4379819/0.6107839/0.9972577/0.02837718/-0.06835318/-0.3392321/0/0/0/1
251#2.788889#-0.07396974/0.4371029/-0.896365/-0.7391968/0.004460395/0.898963/0.438002/0.6107749/0.9972509/0.02840069/-0.0684457/-0.3392408/0/0/0/1
252#2.8#-0.07393195/0.4369984/-0.8964189/-0.7392323/0.004551203/0.8990172/0.4378898/0.6107802/0.9972532/0.02829424/-0.06845499/-0.3392241/0/0/0/1
253#2.811111#-0.07398784/0.4369941/-0.8964164/-0.7392323/0.004622251/0.8990205/0.4378822/0.6107776/0.9972485/0.02825451/-0.06853653/-0.3392402/0/0/0/1
254#2.822222#-0.07384528/0.4370609/-0.8963954/-0.739222/0.004467205/0.8989853/0.4379558/0.6107482/0.99726/0.02833657/-0.06833827/-0.3392427/0/0/0/1
255#2.833333#-0.07391463/0.4370295/-0.896405/-0.7392235/0.004524528/0.8990015/0.4379222/0.6107355/0.9972541/0.02831303/-0.06842673/-0.3392478/0/0/0/1
256#2.844445#-0.07410383/0.4369815/-0.8964129/-0.739208/0.004501253/0.8990216/0.4378812/0.6107551/0.9972404/0.02841368/-0.06858791/-0.3392191/0/0/0/1
257#2.855556#-0.07390678/0.4370705/-0.8963859/-0.7391965/0.004565865/0.8989826/0.4379606/0.6107677/0.9972547/0.02827544/-0.06843664/-0.3392437/0/0/0/1
258#2.866667#-0.07401741/0.4371094/-0.8963577/-0.7391837/0.004459531/0.8989592/0.4380099/0.6107632/0.9972472/0.02842303/-0.06848801/-0.3392392/0/0/0/1
259#2.877778#-0.0740509/0.4371821/-0.8963193/-0.7391744/0.004534333/0.8989252/0.4380786/0.6107705/0.997244/0.02837588/-0.06854856/-0.3392289/0/0/0/1
260#2.888889#-0.07405914/0.4370332/-0.8963915/-0.7391577/0.0044875/0.8989966/0.4379327/0.6107827/0.9972439/0.02841035/-0.0685401/-0.33924/0/0/0/1
261#2.9#-0.07386006/0.4370549/-0.8963971/-0.7391028/0.004570753/0.8989911/0.437943/0.6108003/0.9972583/0.02824925/-0.06839716/-0.3392626/0/0/0/1
262#2.911111#-0.0740601/0.4370203/-0.8963975/-0.739099/0.004668907/0.899008/0.4379073/0.6107938/0.9972432/0.02824625/-0.06862104/-0.3392947/0/0/0/1
263#2.922222#-0.0740509/0.4370343/-0.8963914/-0.7391286/0.004564851/0.8989984/0.4379282/0.6107754/0.9972439/0.02833709/-0.06856668/-0.3392851/0/0/0/1
264#2.933333#-0.07377435/0.436946/-0.8964576/-0.7391498/0.004609705/0.8990465/0.4378289/0.6107213/0.9972646/0.0281681/-0.06834079/-0.3393079/0/0/0/1
265#2.944444#-0.07399595/0.437149/-0.89634/-0.7391541/0.004766062/0.8989487/0.4380279/0.6107175/0.9972472/0.02814027/-0.06860209/-0.3392577/0/0/0/1
266#2.955556#-0.07394303/0.4371191/-0.8963593/-0.7391753/0.004589603/0.8989593/0.4380086/0.6107219/0.9972521/0.02827371/-0.068478/-0.3392514/0/0/0/1
267#2.966667#-0.07384229/0.4370746/-0.8963889/-0.739171/0.004584343/0.8989821/0.4379614/0.6107628/0.9972596/0.02823067/-0.06838655/-0.3392063/0/0/0/1
