0#0#1/0/0/0/0/1/0/0/0/0/1/0/0/0/0/1
1#0.01111111#1/0/0/0/0/1/0/0/0/0/1/0/0/0/0/1
2#0.02222222#1/0/0/0/0/1/0/0/0/0/1/0/0/0/0/1
3#0.03333334#1/0/0/0/0/1/0/0/0/0/1/0/0/0/0/1
4#0.04444445#1/0/0/0/0/1/0/0/0/0/1/0/0/0/0/1
5#0.05555556#1/0/0/0/0/1/0/0/0/0/1/0/0/0/0/1
6#0.06666667#1/0/0/0/0/1/0/0/0/0/1/0/0/0/0/1
7#0.07777778#1/0/0/0/0/1/0/0/0/0/1/0/0/0/0/1
8#0.08888889#1/0/0/0/0/1/0/0/0/0/1/0/0/0/0/1
9#0.1#1/0/0/0/0/1/0/0/0/0/1/0/0/0/0/1
10#0.1111111#1/0/0/0/0/1/0/0/0/0/1/0/0/0/0/1
11#0.1222222#1/0/0/0/0/1/0/0/0/0/1/0/0/0/0/1
12#0.1333333#1/0/0/0/0/1/0/0/0/0/1/0/0/0/0/1
13#0.1444445#1/0/0/0/0/1/0/0/0/0/1/0/0/0/0/1
14#0.1555556#1/0/0/0/0/1/0/0/0/0/1/0/0/0/0/1
15#0.1666667#1/0/0/0/0/1/0/0/0/0/1/0/0/0/0/1
16#0.1777778#1/0/0/0/0/1/0/0/0/0/1/0/0/0/0/1
17#0.1888889#1/0/0/0/0/1/0/0/0/0/1/0/0/0/0/1
18#0.2#1/0/0/0/0/1/0/0/0/0/1/0/0/0/0/1
19#0.2111111#1/0/0/0/0/1/0/0/0/0/1/0/0/0/0/1
20#0.2222222#1/0/0/0/0/1/0/0/0/0/1/0/0/0/0/1
21#0.2333333#1/0/0/0/0/1/0/0/0/0/1/0/0/0/0/1
22#0.2444444#1/0/0/0/0/1/0/0/0/0/1/0/0/0/0/1
23#0.2555556#1/0/0/0/0/1/0/0/0/0/1/0/0/0/0/1
24#0.2666667#1/0/0/0/0/1/0/0/0/0/1/0/0/0/0/1
25#0.2777778#1/0/0/0/0/1/0/0/0/0/1/0/0/0/0/1
26#0.2888889#1/0/0/0/0/1/0/0/0/0/1/0/0/0/0/1
27#0.3#1/0/0/0/0/1/0/0/0/0/1/0/0/0/0/1
28#0.3111111#1/0/0/0/0/1/0/0/0/0/1/0/0/0/0/1
29#0.3222222#1/0/0/0/0/1/0/0/0/0/1/0/0/0/0/1
30#0.3333333#1/0/0/0/0/1/0/0/0/0/1/0/0/0/0/1
31#0.3444445#0.7531021/0.1708558/-0.635331/0.4016958/-0.0300855/0.9736235/0.2261684/0.8948973/0.6572154/-0.1512136/0.7383782/1.105843/0/0/0/1
32#0.3555556#0.7531021/0.1708558/-0.635331/0.4016958/-0.0300855/0.9736235/0.2261684/0.8948973/0.6572154/-0.1512136/0.7383782/1.105843/0/0/0/1
33#0.3666667#0.7532189/0.1706631/-0.6352443/0.4016837/-0.03003696/0.9736713/0.2259688/0.8947088/0.6570837/-0.1511232/0.7385138/1.105892/0/0/0/1
34#0.3777778#0.7531416/0.1705925/-0.6353549/0.4016895/-0.0300261/0.9737003/0.2258455/0.8946654/0.6571728/-0.1510165/0.7384565/1.105888/0/0/0/1
35#0.3888889#0.7530239/0.17082/-0.6354334/0.4017437/-0.0301118/0.9736486/0.2260564/0.8946733/0.6573039/-0.1510918/0.7383244/1.105804/0/0/0/1
36#0.4#0.7530262/0.1707428/-0.6354513/0.4017564/-0.02997714/0.973645/0.2260901/0.8946553/0.6573073/-0.1512028/0.7382985/1.105793/0/0/0/1
37#0.4111111#0.7530757/0.170653/-0.6354169/0.4016998/-0.0299027/0.9736559/0.2260536/0.8946394/0.657254/-0.1512348/0.7383395/1.105879/0/0/0/1
38#0.4222222#0.7530584/0.1706324/-0.6354429/0.4017069/-0.02983458/0.9736488/0.2260925/0.8946103/0.6572769/-0.1513027/0.7383052/1.105869/0/0/0/1
39#0.4333333#0.753019/0.1705853/-0.635502/0.4015862/-0.02983362/0.9736685/0.2260075/0.8946823/0.657322/-0.1512286/0.7382801/1.105905/0/0/0/1
40#0.4444444#0.7530195/0.1706056/-0.6354962/0.4015889/-0.02980231/0.9736542/0.2260739/0.8946646/0.657323/-0.1512988/0.7382649/1.105913/0/0/0/1
41#0.4555556#0.7531002/0.1706197/-0.6353967/0.4018144/-0.0298342/0.9736499/0.2260882/0.8945636/0.6572291/-0.1513105/0.7383462/1.10595/0/0/0/1
42#0.4666667#0.7531596/0.1707313/-0.6352963/0.4020006/-0.0299412/0.9736299/0.22616/0.8944905/0.6571561/-0.151313/0.7384106/1.105987/0/0/0/1
43#0.4777778#0.7531258/0.1707849/-0.6353219/0.4020345/-0.02997396/0.9736211/0.2261934/0.8944739/0.6571933/-0.151309/0.7383782/1.105989/0/0/0/1
44#0.4888889#0.7531023/0.1709669/-0.6353008/0.4021568/-0.03006075/0.9735782/0.2263665/0.8944689/0.6572163/-0.1513795/0.7383433/1.105906/0/0/0/1
45#0.5#0.7530659/0.1709027/-0.6353614/0.402177/-0.0299701/0.9735832/0.2263571/0.8944508/0.6572622/-0.15142/0.7382942/1.105914/0/0/0/1
46#0.5111111#0.7531614/0.1708531/-0.6352615/0.4022196/-0.02988227/0.9735728/0.2264135/0.8944231/0.6571568/-0.1515429/0.7383629/1.105927/0/0/0/1
47#0.5222222#0.7531065/0.1708079/-0.6353387/0.4022367/-0.02987017/0.9735906/0.2263384/0.8943954/0.6572201/-0.1514793/0.7383195/1.105939/0/0/0/1
48#0.5333334#0.7530057/0.1708101/-0.6354578/0.4022326/-0.03003159/0.9736354/0.2261248/0.8943189/0.6573285/-0.1511895/0.7382825/1.10595/0/0/0/1
49#0.5444444#0.7530589/0.1709902/-0.6353461/0.4022784/-0.03011764/0.9735867/0.2263229/0.8943176/0.6572635/-0.1512994/0.7383178/1.105965/0/0/0/1
50#0.5555556#0.7530102/0.1710093/-0.6353988/0.4023039/-0.03021063/0.9736051/0.2262307/0.894313/0.657315/-0.1511582/0.738301/1.105959/0/0/0/1
51#0.5666667#0.7530825/0.1708922/-0.6353445/0.4023362/-0.03000239/0.9735931/0.2263106/0.8943017/0.6572417/-0.1513687/0.738323/1.105974/0/0/0/1
52#0.5777778#0.753018/0.1705627/-0.6355094/0.4019512/-0.02935975/0.9735675/0.2265047/0.8945616/0.6573445/-0.1519037/0.7381215/1.105993/0/0/0/1
53#0.5888889#0.753018/0.1705627/-0.6355094/0.4019512/-0.02935975/0.9735675/0.2265047/0.8945616/0.6573445/-0.1519037/0.7381215/1.105993/0/0/0/1
54#0.6#0.753018/0.1705627/-0.6355094/0.4019512/-0.02935975/0.9735675/0.2265047/0.8945616/0.6573445/-0.1519037/0.7381215/1.105993/0/0/0/1
55#0.6111111#0.753018/0.1705627/-0.6355094/0.4019512/-0.02935975/0.9735675/0.2265047/0.8945616/0.6573445/-0.1519037/0.7381215/1.105993/0/0/0/1
56#0.6222222#0.753018/0.1705627/-0.6355094/0.4019512/-0.02935975/0.9735675/0.2265047/0.8945616/0.6573445/-0.1519037/0.7381215/1.105993/0/0/0/1
57#0.6333333#0.753018/0.1705627/-0.6355094/0.4019512/-0.02935975/0.9735675/0.2265047/0.8945616/0.6573445/-0.1519037/0.7381215/1.105993/0/0/0/1
58#0.6444445#0.753018/0.1705627/-0.6355094/0.4019512/-0.02935975/0.9735675/0.2265047/0.8945616/0.6573445/-0.1519037/0.7381215/1.105993/0/0/0/1
59#0.6555555#0.753018/0.1705627/-0.6355094/0.4019512/-0.02935975/0.9735675/0.2265047/0.8945616/0.6573445/-0.1519037/0.7381215/1.105993/0/0/0/1
60#0.6666667#0.753018/0.1705627/-0.6355094/0.4019512/-0.02935975/0.9735675/0.2265047/0.8945616/0.6573445/-0.1519037/0.7381215/1.105993/0/0/0/1
61#0.6777778#0.753018/0.1705627/-0.6355094/0.4019512/-0.02935975/0.9735675/0.2265047/0.8945616/0.6573445/-0.1519037/0.7381215/1.105993/0/0/0/1
62#0.6888889#0.753018/0.1705627/-0.6355094/0.4019512/-0.02935975/0.9735675/0.2265047/0.8945616/0.6573445/-0.1519037/0.7381215/1.105993/0/0/0/1
63#0.7#0.753018/0.1705627/-0.6355094/0.4019512/-0.02935975/0.9735675/0.2265047/0.8945616/0.6573445/-0.1519037/0.7381215/1.105993/0/0/0/1
64#0.7111111#0.753018/0.1705627/-0.6355094/0.4019512/-0.02935975/0.9735675/0.2265047/0.8945616/0.6573445/-0.1519037/0.7381215/1.105993/0/0/0/1
65#0.7222223#0.753018/0.1705627/-0.6355094/0.4019512/-0.02935975/0.9735675/0.2265047/0.8945616/0.6573445/-0.1519037/0.7381215/1.105993/0/0/0/1
66#0.7333333#0.753018/0.1705627/-0.6355094/0.4019512/-0.02935975/0.9735675/0.2265047/0.8945616/0.6573445/-0.1519037/0.7381215/1.105993/0/0/0/1
67#0.7444445#0.753018/0.1705627/-0.6355094/0.4019512/-0.02935975/0.9735675/0.2265047/0.8945616/0.6573445/-0.1519037/0.7381215/1.105993/0/0/0/1
68#0.7555556#0.753018/0.1705627/-0.6355094/0.4019512/-0.02935975/0.9735675/0.2265047/0.8945616/0.6573445/-0.1519037/0.7381215/1.105993/0/0/0/1
69#0.7666667#0.7529786/0.1705174/-0.6355684/0.4016165/-0.02919987/0.9735498/0.2266009/0.8946415/0.6573969/-0.1520671/0.7380415/1.105949/0/0/0/1
70#0.7777778#0.7529495/0.1705285/-0.6355999/0.4016037/-0.02919763/0.9735478/0.22661/0.8946431/0.6574303/-0.1520679/0.7380114/1.105947/0/0/0/1
71#0.7888889#0.7529899/0.170773/-0.6354863/0.4016454/-0.0293361/0.9734892/0.2268435/0.89482/0.6573778/-0.1521682/0.7380375/1.105781/0/0/0/1
72#0.8#0.7529264/0.1708477/-0.6355414/0.4016321/-0.02953942/0.973515/0.2267072/0.8948127/0.6574414/-0.1519203/0.7380319/1.105742/0/0/0/1
73#0.8111112#0.7529355/0.1713202/-0.6354036/0.4018077/-0.02994229/0.9734385/0.2269819/0.8949019/0.657413/-0.1518773/0.7380661/1.105729/0/0/0/1
74#0.8222222#0.752932/0.1711522/-0.6354529/0.4018093/-0.02979769/0.9734655/0.2268856/0.8949255/0.6574234/-0.1518944/0.7380532/1.105703/0/0/0/1
75#0.8333334#0.7530662/0.1709362/-0.635352/0.4014706/-0.02962785/0.9734923/0.2267929/0.8951476/0.6572773/-0.1519659/0.7381686/1.105834/0/0/0/1
76#0.8444445#0.7531114/0.1707932/-0.6353368/0.4014752/-0.02948981/0.9735076/0.2267449/0.8951746/0.6572317/-0.1520283/0.7381964/1.105819/0/0/0/1
77#0.8555556#0.7530991/0.1710079/-0.6352937/0.401417/-0.02979568/0.9735026/0.226726/0.895151/0.6572321/-0.1518181/0.7382393/1.106017/0/0/0/1
78#0.8666667#0.7532083/0.1709236/-0.6351869/0.4011075/-0.02997401/0.973565/0.226435/0.8951281/0.6570987/-0.1515136/0.7384205/1.106239/0/0/0/1
79#0.8777778#0.7531685/0.1709015/-0.63524/0.4010718/-0.02993212/0.9735665/0.2264341/0.8951286/0.6571462/-0.151529/0.7383751/1.106258/0/0/0/1
80#0.8888889#0.7531354/0.1709377/-0.6352696/0.4007862/-0.02987802/0.9735438/0.2265386/0.8952303/0.6571869/-0.1516337/0.7383175/1.105961/0/0/0/1
81#0.9#0.7532076/0.1709413/-0.6351829/0.4007573/-0.02982479/0.9735243/0.2266296/0.8952466/0.6571063/-0.1517549/0.7383642/1.105957/0/0/0/1
82#0.9111111#0.7529748/0.1711025/-0.6354158/0.4011309/-0.02992407/0.9735088/0.2266828/0.8952475/0.6573689/-0.1516721/0.7381477/1.105726/0/0/0/1
83#0.9222223#0.7529861/0.1711262/-0.6353957/0.4011124/-0.02996669/0.9735093/0.2266752/0.8952705/0.6573537/-0.1516426/0.7381671/1.10569/0/0/0/1
84#0.9333333#0.7529977/0.17091/-0.6354403/0.4013228/-0.0297761/0.9735415/0.226562/0.8952864/0.6573492/-0.1516797/0.7381636/1.105783/0/0/0/1
85#0.9444445#0.7530581/0.1708007/-0.6353978/0.4014773/-0.02978584/0.9735777/0.226405/0.8949077/0.6572793/-0.1515703/0.7382481/1.106006/0/0/0/1
86#0.9555556#0.7529582/0.1709212/-0.6354841/0.4014542/-0.02987096/0.9735626/0.2264588/0.8949068/0.6573901/-0.1515315/0.7381576/1.105994/0/0/0/1
87#0.9666667#0.7528967/0.1705654/-0.6356524/0.4013144/-0.02954272/0.9736187/0.2262605/0.894794/0.6574754/-0.1515719/0.7380733/1.106014/0/0/0/1
88#0.9777778#0.7529632/0.1705723/-0.635572/0.4013059/-0.02958066/0.9736195/0.226252/0.8947906/0.6573977/-0.1515588/0.7381452/1.106032/0/0/0/1
89#0.9888889#0.7539171/0.1704009/-0.634486/0.4006196/-0.02968324/0.9736258/0.2262115/0.894758/0.6562984/-0.1517112/0.7390915/1.106658/0/0/0/1
90#1#0.753985/0.1702763/-0.6344388/0.400577/-0.02962833/0.9736519/0.2261062/0.8946991/0.6562231/-0.1516833/0.7391641/1.106738/0/0/0/1
91#1.011111#0.7539385/0.1703963/-0.634462/0.4005283/-0.02971891/0.9736339/0.2261719/0.8946761/0.6562727/-0.1516641/0.739124/1.106792/0/0/0/1
92#1.022222#0.7539466/0.1704577/-0.6344361/0.4004913/-0.02983559/0.9736383/0.2261375/0.8946358/0.6562581/-0.1515667/0.7391571/1.106859/0/0/0/1
93#1.033333#0.7539244/0.1704851/-0.6344546/0.4004478/-0.02987391/0.9736391/0.2261285/0.8945887/0.6562814/-0.1515302/0.7391436/1.106915/0/0/0/1
94#1.044444#0.7539394/0.1704543/-0.6344451/0.4004041/-0.02983155/0.9736392/0.2261342/0.8945588/0.6562663/-0.151565/0.7391499/1.10698/0/0/0/1
95#1.055556#0.7539698/0.1702789/-0.6344564/0.4003457/-0.02957552/0.9736401/0.2261642/0.8945348/0.6562433/-0.1517566/0.7391312/1.107032/0/0/0/1
96#1.066667#0.7541311/0.172604/-0.6336355/0.4057704/-0.03078604/0.9730742/0.2284274/0.8930067/0.6560019/-0.1527571/0.7391391/1.106237/0/0/0/1
97#1.077778#0.7541935/0.1726325/-0.6335536/0.4059914/-0.03083417/0.9730697/0.2284393/0.8929727/0.6559279/-0.1527523/0.7392058/1.106238/0/0/0/1
98#1.088889#0.7545159/0.1705895/-0.6337231/0.4004875/-0.02933462/0.9734278/0.2271073/0.8970691/0.6556258/-0.1527661/0.739471/1.106715/0/0/0/1
99#1.1#0.7545573/0.170626/-0.6336641/0.4004862/-0.02943692/0.9734352/0.2270627/0.8971756/0.6555737/-0.1526787/0.7395353/1.106759/0/0/0/1
100#1.111111#0.7538491/0.1691543/-0.6349002/0.3984622/-0.02751362/0.973572/0.2267172/0.8976136/0.6564712/-0.1534422/0.7385805/1.105909/0/0/0/1
101#1.122222#0.753911/0.1691065/-0.6348397/0.39833/-0.02749783/0.9735802/0.2266837/0.8977158/0.6564011/-0.1534426/0.7386428/1.105827/0/0/0/1
102#1.133333#0.753495/0.1680305/-0.6356187/0.3950121/-0.02659745/0.9737878/0.2258981/0.8998128/0.6569154/-0.1533073/0.7382135/1.106681/0/0/0/1
103#1.144444#0.7532816/0.1679164/-0.6359019/0.3956298/-0.02641903/0.9738043/0.2258475/0.8994285/0.6571676/-0.1533268/0.737985/1.106503/0/0/0/1
104#1.155556#0.7533565/0.1677255/-0.6358634/0.3953062/-0.02615287/0.9738038/0.2258808/0.8993746/0.6570922/-0.1535391/0.7380079/1.106399/0/0/0/1
105#1.166667#0.7524072/0.1672894/-0.6371011/0.3911982/-0.02588683/0.9739748/0.2251734/0.9017966/0.6581894/-0.1529296/0.7371562/1.10768/0/0/0/1
106#1.177778#0.7523775/0.1671919/-0.6371619/0.3907845/-0.02587832/0.9740097/0.2250233/0.9019629/0.6582239/-0.1528137/0.7371495/1.107757/0/0/0/1
107#1.188889#0.7519343/0.1679146/-0.6374947/0.3923977/-0.02611566/0.9738455/0.2257048/0.9008995/0.6587206/-0.1530666/0.7366531/1.106972/0/0/0/1
108#1.2#0.7530319/0.1734509/-0.634711/0.3926465/-0.03458067/0.973729/0.2250692/0.900599/0.6570749/-0.1475355/0.7392468/1.107279/0/0/0/1
109#1.211111#0.7498292/0.2049782/-0.6290789/0.3942465/-0.07591347/0.9711738/0.2259611/0.9011394/0.6572621/-0.1216767/0.7437751/1.109004/0/0/0/1
110#1.222222#0.7494987/0.2235104/-0.6231331/0.3950094/-0.1016464/0.9689726/0.2252996/0.9011947/0.6541558/-0.1055225/0.7489628/1.110108/0/0/0/1
111#1.233333#0.7460722/0.2510647/-0.6167194/0.396459/-0.1381195/0.9643993/0.2255149/0.9012185/0.6513826/-0.08306943/0.7541884/1.111552/0/0/0/1
112#1.244444#0.7416121/0.2785794/-0.6102499/0.4009194/-0.1735841/0.9584039/0.2265623/0.9000268/0.6479815/-0.06209164/0.7591209/1.112633/0/0/0/1
113#1.255556#0.7368244/0.3026747/-0.6045478/0.4021124/-0.2049634/0.9521117/0.2268773/0.9001399/0.6442671/-0.04325861/0.7635763/1.113809/0/0/0/1
114#1.266667#0.7309657/0.3270758/-0.5989247/0.4034653/-0.2359882/0.9446614/0.2278695/0.9001428/0.6403117/-0.02522567/0.7677011/1.114841/0/0/0/1
115#1.277778#0.7248798/0.3517729/-0.5922882/0.4047775/-0.2673907/0.9360563/0.2286945/0.9002372/0.6348636/-0.007403732/0.7725888/1.115939/0/0/0/1
116#1.288889#0.7172561/0.3740001/-0.5879351/0.4075962/-0.2948878/0.9273918/0.2301861/0.8996903/0.6313357/0.008272491/0.7754655/1.117313/0/0/0/1
117#1.3#0.718852/0.3716093/-0.5875018/0.4075481/-0.2897373/0.9283846/0.2327109/0.9008429/0.6319051/0.002936408/0.7750402/1.117158/0/0/0/1
118#1.311111#0.7337963/0.3284713/-0.5946845/0.4078153/-0.232879/0.9439291/0.2340197/0.8996055/0.6382087/-0.03323328/0.7691457/1.115704/0/0/0/1
119#1.322222#0.7454199/0.2943875/-0.5980678/0.4068552/-0.193577/0.9541326/0.2283831/0.8998797/0.6378692/-0.05446913/0.7682161/1.114252/0/0/0/1
120#1.333333#0.7428133/0.3182129/-0.5890408/0.4096251/-0.2232827/0.9471995/0.2301262/0.9001119/0.6311684/-0.03941827/0.7746436/1.115102/0/0/0/1
121#1.344445#0.7336806/0.3348421/-0.5912644/0.4098271/-0.2437119/0.941932/0.2310164/0.8999456/0.6342849/-0.02539407/0.7726822/1.115421/0/0/0/1
122#1.355556#0.7326274/0.3375835/-0.5910116/0.4099485/-0.2471897/0.9410096/0.2310806/0.9002894/0.6341565/-0.02320401/0.7728567/1.11533/0/0/0/1
123#1.366667#0.736328/0.3295894/-0.5909246/0.4091583/-0.2378856/0.9436873/0.2299235/0.8997388/0.6334284/-0.02872664/0.7732678/1.115952/0/0/0/1
124#1.377778#0.7380052/0.3267372/-0.5904162/0.409265/-0.2344317/0.9446029/0.229711/0.8999475/0.632764/-0.03111565/0.7737193/1.116068/0/0/0/1
125#1.388889#0.7369916/0.3293167/-0.5902488/0.4098115/-0.238042/0.9437887/0.2293445/0.8991543/0.6325971/-0.028521/0.7739556/1.116195/0/0/0/1
126#1.4#0.7360857/0.332994/-0.5893157/0.4097729/-0.2415984/0.9425274/0.2308081/0.8994468/0.6323038/-0.02751686/0.7742317/1.116281/0/0/0/1
127#1.411111#0.7348669/0.3415353/-0.5859389/0.4118401/-0.2506162/0.9395463/0.2333328/0.8978714/0.6302081/-0.02462278/0.7760357/1.116395/0/0/0/1
128#1.422222#0.7317684/0.3570306/-0.580555/0.4124241/-0.2670616/0.9339014/0.2377107/0.8984387/0.627051/-0.0189052/0.7787487/1.117178/0/0/0/1
129#1.433333#0.7266746/0.3741772/-0.5761385/0.4137911/-0.285026/0.9272774/0.2427279/0.8979466/0.6250634/-0.01216976/0.7804791/1.117749/0/0/0/1
130#1.444445#0.7181177/0.3897881/-0.5765175/0.4143376/-0.3022218/0.9209011/0.2461773/0.8983035/0.6268726/-0.002548076/0.7791177/1.118186/0/0/0/1
131#1.455556#0.703564/0.4088837/-0.581216/0.4140552/-0.321479/0.9125423/0.2528195/0.8997824/0.633758/0.00897403/0.7734793/1.11772/0/0/0/1
132#1.466667#0.6922039/0.4219056/-0.5855334/0.4138471/-0.3302909/0.9065667/0.2627637/0.9009995/0.6416866/0.0115103/0.7668806/1.116829/0/0/0/1
133#1.477778#0.6922039/0.4219056/-0.5855334/0.4138471/-0.3302909/0.9065667/0.2627637/0.9009995/0.6416866/0.0115103/0.7668806/1.116829/0/0/0/1
134#1.488889#0.6925333/0.4215036/-0.5854334/0.4125628/-0.3183549/0.906813/0.2762972/0.9032514/0.6473391/-0.004969462/0.7621859/1.115702/0/0/0/1
135#1.5#0.7026965/0.4196079/-0.574584/0.412285/-0.3017875/0.9071144/0.2933729/0.9052515/0.6443151/-0.03274987/0.7640586/1.114974/0/0/0/1
136#1.511111#0.7161008/0.4206154/-0.5570302/0.4120728/-0.289127/0.9051046/0.311755/0.9082345/0.6352996/-0.06219555/0.7697574/1.114772/0/0/0/1
137#1.522222#0.7267735/0.423423/-0.5408449/0.4115604/-0.2820429/0.9019179/0.3271022/0.9114507/0.6263003/-0.08518776/0.7749135/1.114396/0/0/0/1
138#1.533333#0.7346326/0.4328677/-0.5224372/0.4107575/-0.2869867/0.8960059/0.3388394/0.9150074/0.6147795/-0.09898993/0.7824624/1.114362/0/0/0/1
139#1.544444#0.7383683/0.44473/-0.5069789/0.4096004/-0.2977484/0.88949/0.3466316/0.9190965/0.6051101/-0.1049896/0.7891888/1.114191/0/0/0/1
140#1.555556#0.7392261/0.4563839/-0.4952359/0.4082397/-0.3089803/0.8832366/0.3527384/0.9224913/0.5983946/-0.1077354/0.7939251/1.113848/0/0/0/1
141#1.566667#0.7352545/0.4727434/-0.4857101/0.4063587/-0.3284151/0.8753489/0.3548346/0.9269713/0.5929115/-0.1013792/0.7988605/1.113612/0/0/0/1
142#1.577778#0.7309657/0.4856941/-0.4793646/0.4049814/-0.3430917/0.8687804/0.3570836/0.9307697/0.589896/-0.09654985/0.8016863/1.112946/0/0/0/1
143#1.588889#0.7262038/0.4963154/-0.475709/0.4023073/-0.3545279/0.8632171/0.3593971/0.9355805/0.5890145/-0.09234342/0.8028292/1.112519/0/0/0/1
144#1.6#0.7209911/0.5062399/-0.4731732/0.399452/-0.3627035/0.8575361/0.3647985/0.9402781/0.5904387/-0.09139493/0.8018909/1.111803/0/0/0/1
145#1.611111#0.7139069/0.5169199/-0.4723671/0.3964881/-0.3698372/0.8511592/0.3724896/0.945116/0.5946069/-0.091224/0.7988247/1.111254/0/0/0/1
146#1.622222#0.7065988/0.5272912/-0.4718921/0.3932678/-0.374945/0.8445596/0.3822764/0.9502256/0.6001121/-0.09318248/0.7944699/1.110487/0/0/0/1
147#1.633333#0.6960028/0.5384731/-0.4750021/0.3894395/-0.3772689/0.8370965/0.3961537/0.9556057/0.6109408/-0.09652065/0.7857705/1.109553/0/0/0/1
148#1.644444#0.6810281/0.5548982/-0.4777957/0.3853659/-0.3843209/0.8262644/0.4118065/0.9610921/0.6232962/-0.09682496/0.7759684/1.108589/0/0/0/1
149#1.655556#0.6647318/0.5750152/-0.4769585/0.3816885/-0.3949721/0.8124016/0.4289532/0.9670799/0.6341364/-0.09675349/0.7671441/1.10745/0/0/0/1
150#1.666667#0.6488002/0.5938749/-0.4757847/0.3778107/-0.4035697/0.7986064/0.4464968/0.97267/0.645128/-0.09767492/0.7578058/1.106381/0/0/0/1
151#1.677778#0.6368298/0.6099228/-0.4716375/0.3730147/-0.4050058/0.7851571/0.4685069/0.9796319/0.6560624/-0.1073433/0.7470337/1.104675/0/0/0/1
152#1.688889#0.628524/0.6214265/-0.4677463/0.3688053/-0.404074/0.7747388/0.4863167/0.9859077/0.6645912/-0.1166576/0.7380443/1.103163/0/0/0/1
153#1.7#0.6236807/0.6323586/-0.4595054/0.3641192/-0.4015911/0.7635436/0.5056936/0.9923532/0.6706321/-0.1308581/0.7301569/1.100994/0/0/0/1
154#1.711111#0.6194366/0.6412247/-0.4529119/0.3591545/-0.4005802/0.7543346/0.5201102/0.9989929/0.6751548/-0.1407478/0.7241244/1.099528/0/0/0/1
155#1.722222#0.6163075/0.6505634/-0.4437704/0.3545088/-0.4043115/0.7449707/0.5306134/1.004949/0.6757938/-0.1475995/0.7221615/1.097356/0/0/0/1
156#1.733333#0.6099148/0.6628121/-0.434378/0.3506073/-0.413498/0.7337771/0.5390645/1.010548/0.676035/-0.149169/0.7216129/1.095479/0/0/0/1
157#1.744444#0.6022612/0.6766113/-0.4236493/0.3462371/-0.4318387/0.7224702/0.5399559/1.015775/0.6714143/-0.1422463/0.7273026/1.093388/0/0/0/1
158#1.755556#0.5927043/0.6907036/-0.4142826/0.3414773/-0.4533393/0.7112457/0.5372271/1.021059/0.6657215/-0.1306062/0.7346815/1.091314/0/0/0/1
159#1.766667#0.5817553/0.7043453/-0.4067661/0.3368174/-0.4738005/0.6999543/0.5343941/1.026152/0.6611156/-0.1181607/0.7409211/1.088765/0/0/0/1
160#1.777778#0.5699311/0.7172843/-0.400851/0.3322075/-0.4923155/0.688664/0.5323225/1.030962/0.6578784/-0.106042/0.7456212/1.086202/0/0/0/1
161#1.788889#0.5548893/0.7306107/-0.3978766/0.3271589/-0.5131546/0.6770267/0.5275482/1.035505/0.6548055/-0.08855864/0.7505912/1.083286/0/0/0/1
162#1.8#0.5366431/0.7449849/-0.3962471/0.3219428/-0.5355813/0.6636002/0.5222908/1.03972/0.6520486/-0.06806125/0.7551162/1.08012/0/0/0/1
163#1.811111#0.5212754/0.7568026/-0.3943623/0.3160883/-0.5542116/0.6516177/0.5179225/1.044125/0.6489385/-0.0514201/0.7591012/1.076798/0/0/0/1
164#1.822222#0.5064444/0.7680668/-0.3919025/0.3107859/-0.572256/0.6393673/0.513549/1.047777/0.6450097/-0.03581551/0.7633348/1.073172/0/0/0/1
165#1.833333#0.4909723/0.7800884/-0.3878251/0.3059682/-0.5909972/0.6253167/0.5096092/1.051272/0.6400537/-0.02100052/0.7680433/1.069516/0/0/0/1
166#1.844445#0.4771262/0.7913189/-0.3823155/0.3009968/-0.6079571/0.6113331/0.5066165/1.054171/0.6346173/-0.009288624/0.7727708/1.065559/0/0/0/1
167#1.855556#0.466526/0.8003725/-0.3765067/0.29575/-0.6201128/0.5994974/0.5060267/1.057555/0.6307247/-0.002598047/0.7760022/1.061151/0/0/0/1
168#1.866667#0.4560868/0.8093079/-0.3701425/0.2904546/-0.631003/0.5873796/0.5067745/1.060657/0.6275509/0.002427876/0.7785717/1.056536/0/0/0/1
169#1.877778#0.4443035/0.8184769/-0.3642665/0.2854913/-0.6415962/0.5744853/0.5082529/1.063258/0.6252592/0.007893443/0.7803773/1.052064/0/0/0/1
170#1.888889#0.4312809/0.8278445/-0.3587064/0.2794713/-0.651392/0.5608013/0.5110679/1.066526/0.6242478/0.01324473/0.7811142/1.04696/0/0/0/1
171#1.9#0.4153755/0.8381511/-0.3535057/0.2745091/-0.6630596/0.5450242/0.5131284/1.068238/0.6227481/0.02125439/0.7821336/1.041913/0/0/0/1
172#1.911111#0.4017107/0.8467023/-0.3488898/0.2700319/-0.6741394/0.5312721/0.5131145/1.069654/0.6198106/0.02907671/0.7842127/1.036275/0/0/0/1
173#1.922222#0.3903848/0.8538949/-0.3441843/0.2653723/-0.6849256/0.5191862/0.511197/1.070638/0.6152043/0.0361771/0.7875372/1.030678/0/0/0/1
174#1.933333#0.3812056/0.8602/-0.3387304/0.2604899/-0.6953271/0.5082392/0.5081467/1.072135/0.609264/0.04182002/0.7918639/1.02529/0/0/0/1
175#1.944445#0.378133/0.8637018/-0.3332188/0.2563872/-0.7037374/0.5020428/0.5026994/1.072699/0.6014723/0.04441124/0.7976582/1.019345/0/0/0/1
176#1.955556#0.3751477/0.8666945/-0.3287934/0.247716/-0.7185047/0.4959819/0.4875996/1.073944/0.5856755/0.05331771/0.8087902/1.007251/0/0/0/1
177#1.966667#0.3751477/0.8666945/-0.3287934/0.247716/-0.7185047/0.4959819/0.4875996/1.073944/0.5856755/0.05331771/0.8087902/1.007251/0/0/0/1
178#1.977778#0.3671788/0.867764/-0.3349111/0.2433419/-0.7280374/0.4922159/0.4771637/1.073947/0.578914/0.06862338/0.8124958/1.000814/0/0/0/1
179#1.988889#0.3566832/0.8701222/-0.3400949/0.2386247/-0.7375569/0.4857103/0.4691434/1.07436/0.5733997/0.08350374/0.8150092/0.9945717/0/0/0/1
180#2#0.3436255/0.8721949/-0.3481349/0.2336583/-0.747322/0.4784628/0.4610676/1.074028/0.5687104/0.1017343/0.8162221/0.9879441/0/0/0/1
181#2.011111#0.3238869/0.8742031/-0.3617542/0.2288876/-0.7585681/0.46846/0.4529011/1.073636/0.5653949/0.1277265/0.8148708/0.9808183/0/0/0/1
182#2.022222#0.3082842/0.8756979/-0.3716371/0.2249091/-0.7684272/0.4595295/0.4453676/1.07328/0.5607857/0.1482762/0.8145759/0.9739454/0/0/0/1
183#2.033333#0.2931336/0.8762109/-0.3825273/0.221409/-0.7784655/0.4510173/0.4365489/1.072657/0.5550354/0.1698171/0.8143082/0.967016/0/0/0/1
184#2.044445#0.27939/0.8760138/-0.3931177/0.2178857/-0.788831/0.4428406/0.42619/1.072172/0.5474367/0.1910301/0.8147519/0.9603221/0/0/0/1
185#2.055556#0.2656309/0.8700938/-0.4151827/0.2115772/-0.8064809/0.4365096/0.3988081/1.071404/0.5282317/0.2289011/0.8176646/0.947691/0/0/0/1
186#2.066667#0.2656309/0.8700938/-0.4151827/0.2115772/-0.8064809/0.4365096/0.3988081/1.071404/0.5282317/0.2289011/0.8176646/0.947691/0/0/0/1
187#2.077778#0.2648879/0.864676/-0.4268137/0.2087712/-0.8108584/0.4392824/0.3867036/1.070936/0.5218651/0.2436523/0.8174903/0.9415753/0/0/0/1
188#2.088889#0.2620449/0.8596392/-0.4385807/0.2057753/-0.8157198/0.4401467/0.3753292/1.070415/0.5156875/0.2594058/0.8165629/0.9353118/0/0/0/1
189#2.1#0.2569726/0.8496952/-0.4604166/0.1999325/-0.8177376/0.4450771/0.3649818/1.069984/0.5150441/0.2827097/0.8092002/0.9222174/0/0/0/1
190#2.111111#0.2569726/0.8496952/-0.4604166/0.1999325/-0.8177376/0.4450771/0.3649818/1.069984/0.5150441/0.2827097/0.8092002/0.9222174/0/0/0/1
191#2.122222#0.2519253/0.8456442/-0.4705521/0.1975752/-0.819989/0.4447606/0.3602862/1.069362/0.513957/0.2950822/0.8054655/0.9155872/0/0/0/1
192#2.133333#0.2365172/0.8378607/-0.4919849/0.1936655/-0.8246077/0.440901/0.3544413/1.067882/0.5138892/0.321863/0.7951869/0.9025354/0/0/0/1
193#2.144444#0.2365172/0.8378607/-0.4919849/0.1936655/-0.8246077/0.440901/0.3544413/1.067882/0.5138892/0.321863/0.7951869/0.9025354/0/0/0/1
194#2.155556#0.2301833/0.8328364/-0.5033881/0.1918174/-0.8272591/0.4398841/0.3494922/1.067138/0.5125021/0.335985/0.7902253/0.8960361/0/0/0/1
195#2.166667#0.2255883/0.826056/-0.5164701/0.1901715/-0.8307468/0.4400284/0.3409323/1.06608/0.5088907/0.3521455/0.7855086/0.8900959/0/0/0/1
196#2.177778#0.2253079/0.8127653/-0.5372606/0.1882391/-0.8352118/0.4450582/0.3230239/1.063444/0.5016548/0.3759465/0.7791063/0.8782036/0/0/0/1
197#2.188889#0.2253079/0.8127653/-0.5372606/0.1882391/-0.8352118/0.4450582/0.3230239/1.063444/0.5016548/0.3759465/0.7791063/0.8782036/0/0/0/1
198#2.2#0.2307974/0.8052015/-0.5462448/0.1875751/-0.8355885/0.4516585/0.3127249/1.061916/0.4985226/0.3842597/0.7770584/0.8724756/0/0/0/1
199#2.211111#0.2418712/0.7960786/-0.5547589/0.1878812/-0.8345076/0.4623783/0.2996725/1.060011/0.4950714/0.3904684/0.7761692/0.8671861/0/0/0/1
200#2.222222#0.2568204/0.7770437/-0.5746707/0.1879888/-0.8316032/0.480637/0.278252/1.055834/0.492422/0.4064371/0.7696294/0.8583581/0/0/0/1
201#2.233333#0.2568204/0.7770437/-0.5746707/0.1879888/-0.8316032/0.480637/0.278252/1.055834/0.492422/0.4064371/0.7696294/0.8583581/0/0/0/1
202#2.244445#0.2591182/0.7605734/-0.5953031/0.1884871/-0.8234462/0.4960837/0.275386/1.051778/0.5047715/0.4188426/0.7548354/0.8504977/0/0/0/1
203#2.255556#0.2513174/0.754224/-0.6066183/0.189662/-0.8201677/0.4987469/0.2803155/1.049567/0.5139698/0.4270805/0.7439337/0.8472381/0/0/0/1
204#2.266667#0.2513174/0.754224/-0.6066183/0.189662/-0.8201677/0.4987469/0.2803155/1.049567/0.5139698/0.4270805/0.7439337/0.8472381/0/0/0/1
205#2.277778#0.2483974/0.7465323/-0.6172426/0.190169/-0.8175874/0.5033045/0.2797062/1.047415/0.5194708/0.4351714/0.7353749/0.8442016/0/0/0/1
206#2.288889#0.2528272/0.7388958/-0.6245891/0.1905708/-0.8110856/0.5138136/0.2795282/1.045535/0.5274647/0.4359227/0.7292136/0.8418598/0/0/0/1
207#2.3#0.2852327/0.7174954/-0.6354862/0.1940711/-0.7886486/0.5524845/0.269804/1.039182/0.5446795/0.4242184/0.7234384/0.837925/0/0/0/1
208#2.311111#0.2852327/0.7174954/-0.6354862/0.1940711/-0.7886486/0.5524845/0.269804/1.039182/0.5446795/0.4242184/0.7234384/0.837925/0/0/0/1
209#2.322222#0.3137184/0.7050079/-0.6360384/0.1967605/-0.7705333/0.5804564/0.2633423/1.03465/0.554851/0.4074734/0.7253317/0.8376186/0/0/0/1
210#2.333333#0.3308406/0.693767/-0.6397125/0.1988178/-0.7562988/0.6003624/0.2599564/1.030854/0.5644086/0.3978095/0.7233192/0.8368719/0/0/0/1
211#2.344445#0.3480363/0.6827558/-0.6424292/0.2015705/-0.7390798/0.62141/0.2600204/1.026193/0.5767424/0.3843099/0.7208843/0.8368759/0/0/0/1
212#2.355556#0.3573634/0.6743603/-0.6461653/0.205194/-0.7248415/0.6365516/0.2634517/1.021186/0.5889789/0.3742194/0.7162846/0.8369663/0/0/0/1
213#2.366667#0.3658279/0.6653051/-0.6507987/0.2080767/-0.7094532/0.6519408/0.2676739/1.016627/0.6023671/0.3637887/0.7105009/0.8372369/0/0/0/1
214#2.377778#0.3672147/0.6578101/-0.6576012/0.2121052/-0.6914082/0.6659642/0.2800827/1.012042/0.6221802/0.3518203/0.6993671/0.8380218/0/0/0/1
215#2.388889#0.372841/0.6494326/-0.6627419/0.2158945/-0.6738874/0.6805057/0.2877286/1.007204/0.6378601/0.3393363/0.6913649/0.8384404/0/0/0/1
216#2.4#0.3817559/0.6396586/-0.6671576/0.2199018/-0.6517434/0.6981204/0.2964094/1.002736/0.6553574/0.3216595/0.6834046/0.8398211/0/0/0/1
217#2.411111#0.3979021/0.6256742/-0.670974/0.2245554/-0.6252947/0.72013/0.3006984/0.9981731/0.6713277/0.2999079/0.6777719/0.8411145/0/0/0/1
218#2.422222#0.418223/0.6088997/-0.6740405/0.2292404/-0.5977066/0.7432449/0.3005561/0.9937484/0.6839857/0.2771789/0.6747855/0.8432117/0/0/0/1
219#2.433333#0.4354363/0.5920371/-0.6781501/0.2336729/-0.5729141/0.7633169/0.2985245/0.9890962/0.6943812/0.2585332/0.6715621/0.8451414/0/0/0/1
220#2.444444#0.4529169/0.572345/-0.6835844/0.2383385/-0.5496182/0.782952/0.2913865/0.9849294/0.7019873/0.2437365/0.6691833/0.8477545/0/0/0/1
221#2.455556#0.4653255/0.5528725/-0.6912339/0.2430398/-0.5298675/0.7995396/0.2828023/0.9803971/0.7090225/0.2346673/0.6649951/0.8501623/0/0/0/1
222#2.466667#0.4758309/0.5340281/-0.6988556/0.2475119/-0.513951/0.8136235/0.2717927/0.9758129/0.7137502/0.2298502/0.6616114/0.8526914/0/0/0/1
223#2.477778#0.4871533/0.5143263/-0.7057976/0.2518678/-0.4983903/0.8273828/0.2589303/0.9716707/0.7171394/0.2256239/0.6593975/0.8552752/0/0/0/1
224#2.488889#0.4998574/0.4945608/-0.7110223/0.2561771/-0.479771/0.8415879/0.2480924/0.9671972/0.7210842/0.2171169/0.65795/0.8579526/0/0/0/1
225#2.5#0.5132781/0.4753672/-0.7145431/0.2606261/-0.4625107/0.8545512/0.2362755/0.9631828/0.7229312/0.2092087/0.6584849/0.8606772/0/0/0/1
226#2.511111#0.5243345/0.4570467/-0.7184578/0.2648717/-0.4436173/0.8668162/0.2276702/0.959098/0.7268267/0.199345/0.6572552/0.8634024/0/0/0/1
227#2.522222#0.5335785/0.4416082/-0.7213018/0.2689605/-0.4241138/0.8775826/0.2235536/0.9555572/0.731725/0.1866306/0.6555513/0.8657568/0/0/0/1
228#2.533333#0.5396685/0.428971/-0.7243908/0.2726561/-0.4056272/0.8864774/0.2227652/0.9527345/0.7377159/0.1736132/0.6524063/0.8680313/0/0/0/1
229#2.544445#0.5458279/0.415506/-0.7276171/0.2763461/-0.3870116/0.8952239/0.2208982/0.9496771/0.7431648/0.1610239/0.6494439/0.8700171/0/0/0/1
230#2.555556#0.5496396/0.4041015/-0.7311623/0.2803711/-0.3709074/0.902272/0.2198474/0.9465603/0.7485481/0.1503567/0.6458086/0.8713498/0/0/0/1
231#2.566667#0.5526776/0.3935832/-0.7346018/0.2831306/-0.360377/0.9076511/0.2151695/0.9437916/0.7514492/0.1458142/0.6434767/0.8729849/0/0/0/1
232#2.577778#0.5541639/0.3843386/-0.7383673/0.2853523/-0.3555836/0.911322/0.2074912/0.941752/0.7526374/0.1475672/0.6416862/0.8754134/0/0/0/1
233#2.588889#0.5572821/0.3742362/-0.7412045/0.2878827/-0.3472595/0.9158981/0.2013491/0.9390367/0.7542202/0.145182/0.6403706/0.8771434/0/0/0/1
234#2.6#0.5616322/0.3655045/-0.7422774/0.2903001/-0.33871/0.9200837/0.1967784/0.936722/0.7548806/0.1408997/0.6405486/0.8787484/0/0/0/1
235#2.611111#0.5671235/0.356771/-0.7423512/0.2916553/-0.3236641/0.9253405/0.1974499/0.9362296/0.7573721/0.1282939/0.6402564/0.8805118/0/0/0/1
236#2.622222#0.5727382/0.3487537/-0.7418503/0.2938762/-0.3036267/0.9308703/0.2032026/0.9354804/0.7614341/0.1088636/0.6390359/0.8815897/0/0/0/1
237#2.633333#0.5765871/0.3407907/-0.7425692/0.2963134/-0.2867939/0.9354451/0.2066197/0.9341866/0.7650468/0.09383011/0.6371022/0.8821478/0/0/0/1
238#2.644444#0.5784075/0.3363064/-0.7431976/0.2978066/-0.2810623/0.937438/0.2054606/0.9324178/0.7657992/0.09004487/0.6367443/0.8828847/0/0/0/1
239#2.655556#0.5809525/0.3319976/-0.7431501/0.2991688/-0.275988/0.9392909/0.2038706/0.9310236/0.7657188/0.08666134/0.6373106/0.8841243/0/0/0/1
240#2.666667#0.5813003/0.3310929/-0.7432815/0.3007882/-0.276849/0.9394503/0.2019597/0.9290003/0.7651436/0.08837749/0.6377653/0.8854516/0/0/0/1
241#2.677778#0.5807213/0.3302512/-0.744108/0.3019364/-0.2733916/0.9400534/0.2038541/0.9271888/0.7668245/0.0850505/0.636197/0.8861918/0/0/0/1
242#2.688889#0.5829753/0.3277298/-0.7434602/0.3033694/-0.2636845/0.9418262/0.2084079/0.9254434/0.7685118/0.07454232/0.6354788/0.8868046/0/0/0/1
243#2.7#0.5863672/0.3275543/-0.7408656/0.3051987/-0.2522962/0.9429541/0.2172195/0.9235851/0.7697533/0.05954714/0.6355582/0.8872061/0/0/0/1
244#2.711111#0.5870997/0.3269855/-0.7405367/0.3080072/-0.2447895/0.9436748/0.2226117/0.922416/0.7716165/0.05058035/0.6340739/0.8874981/0/0/0/1
245#2.722222#0.5880062/0.3273492/-0.7396561/0.3097591/-0.2402612/0.9438599/0.2267225/0.9206588/0.7723491/0.04439642/0.6336448/0.8881233/0/0/0/1
246#2.733333#0.5889441/0.3282443/-0.7385123/0.311046/-0.238128/0.943717/0.2295502/0.9188108/0.7722952/0.04066823/0.6339607/0.8884814/0/0/0/1
247#2.744445#0.588544/0.3297129/-0.7381771/0.3127363/-0.2363619/0.9433401/0.2329008/0.9169581/0.7731423/0.03740456/0.6331286/0.8888204/0/0/0/1
248#2.755556#0.5887252/0.3320073/-0.7370034/0.3144417/-0.2358109/0.9426386/0.2362745/0.9153178/0.7731726/0.03469259/0.6332461/0.8897512/0/0/0/1
249#2.766667#0.5906778/0.3365953/-0.7333509/0.3171421/-0.2355753/0.9411818/0.2422419/0.9131107/0.7717537/0.02967243/0.6352291/0.8904591/0/0/0/1
250#2.777778#0.5978435/0.3375725/-0.7270681/0.319433/-0.2267616/0.9411784/0.2505241/0.9120432/0.7688708/0.01509693/0.6392258/0.8916349/0/0/0/1
251#2.788889#0.6060781/0.3363052/-0.7208107/0.3217118/-0.2149011/0.9417513/0.2586934/0.9110636/0.7658243/-0.001885399/0.6430472/0.8926957/0/0/0/1
252#2.8#0.6177918/0.3327813/-0.7124535/0.3241016/-0.2003072/0.9427467/0.2666565/0.9104545/0.7604017/-0.02202865/0.6490796/0.8940027/0/0/0/1
253#2.811111#0.6259417/0.3300211/-0.7065997/0.3255154/-0.1919724/0.9433718/0.270548/0.9101369/0.755873/-0.03369962/0.6538506/0.8950274/0/0/0/1
254#2.822222#0.6319093/0.3283583/-0.7020481/0.3272793/-0.1868071/0.9436412/0.2732111/0.9093736/0.7521926/-0.04149704/0.6576353/0.8962283/0/0/0/1
255#2.833333#0.6341378/0.3265789/-0.7008675/0.3284098/-0.1877723/0.9443358/0.270132/0.9086/0.7500737/-0.03969741/0.6601617/0.8972664/0/0/0/1
256#2.844445#0.6378464/0.3244559/-0.6984844/0.3298025/-0.186003/0.9449801/0.2691013/0.9075905/0.7473653/-0.04172505/0.6631019/0.8983724/0/0/0/1
257#2.855556#0.6414025/0.3234403/-0.6956934/0.3316101/-0.1852149/0.9452485/0.268702/0.9059719/0.7445123/-0.04349333/0.6661906/0.8990459/0/0/0/1
258#2.866667#0.6465017/0.3230223/-0.6911528/0.3336366/-0.182577/0.9451234/0.2709381/0.9046696/0.7407438/-0.04897337/0.6700001/0.899668/0/0/0/1
259#2.877778#0.6535966/0.321832/-0.6850079/0.3352938/-0.1761396/0.9449154/0.2758798/0.9037175/0.7360616/-0.05965712/0.6742808/0.9006019/0/0/0/1
260#2.888889#0.659844/0.3200567/-0.6798306/0.3368424/-0.1701709/0.9448929/0.2796772/0.9031309/0.7318796/-0.06885597/0.6779463/0.9016399/0/0/0/1
261#2.9#0.6654715/0.318387/-0.675113/0.3382508/-0.1652811/0.9448662/0.2826834/0.9024234/0.7278943/-0.0765343/0.6814048/0.9026737/0/0/0/1
262#2.911111#0.6707584/0.3160648/-0.6709593/0.3394061/-0.1633851/0.945398/0.2820069/0.9017235/0.7234561/-0.07953373/0.6857738/0.9036756/0/0/0/1
263#2.922222#0.675741/0.3107564/-0.6684344/0.3402818/-0.1637954/0.9474255/0.2748741/0.9011935/0.7187109/-0.07625723/0.6911148/0.9045177/0/0/0/1
264#2.933333#0.6832957/0.3007719/-0.6653146/0.3406078/-0.1661378/0.9513572/0.2594567/0.9007215/0.7109889/-0.06675173/0.7000279/0.9055443/0/0/0/1
265#2.944444#0.6893699/0.2925924/-0.6626906/0.3416594/-0.163397/0.9540308/0.2512502/0.8995098/0.7057412/-0.06492265/0.7054888/0.9062464/0/0/0/1
266#2.955556#0.6923178/0.2902516/-0.6606437/0.3423161/-0.162623/0.9547416/0.2490427/0.8985778/0.703029/-0.06498078/0.7081861/0.9069238/0/0/0/1
267#2.966667#0.6939263/0.2905551/-0.65882/0.3427505/-0.1638819/0.9546873/0.2484249/0.898242/0.7011483/-0.06441994/0.7100993/0.9076154/0/0/0/1
268#2.977778#0.6969567/0.2869194/-0.6572129/0.3429991/-0.1641693/0.9559695/0.2432504/0.8977715/0.6980688/-0.06164075/0.7133726/0.9083872/0/0/0/1
269#2.988889#0.7006494/0.2823875/-0.6552463/0.3433546/-0.1607398/0.9572107/0.2406456/0.8972794/0.6951641/-0.06328398/0.71606/0.9091034/0/0/0/1
270#3#0.7042538/0.2777538/-0.6533602/0.343583/-0.1560289/0.9583458/0.2392251/0.8970253/0.6925905/-0.06653205/0.7182561/0.9097402/0/0/0/1
271#3.011111#0.7236574/0.2543651/-0.6415749/0.3464952/-0.1388185/0.9642515/0.2257179/0.895739/0.6760542/-0.07427994/0.7330983/0.9139235/0/0/0/1
272#3.022222#0.7236574/0.2543651/-0.6415749/0.3464952/-0.1388185/0.9642515/0.2257179/0.895739/0.6760542/-0.07427994/0.7330983/0.9139235/0/0/0/1
273#3.033333#0.7236574/0.2543651/-0.6415749/0.3464952/-0.1388185/0.9642515/0.2257179/0.895739/0.6760542/-0.07427994/0.7330983/0.9139235/0/0/0/1
274#3.044445#0.7236574/0.2543651/-0.6415749/0.3464952/-0.1388185/0.9642515/0.2257179/0.895739/0.6760542/-0.07427994/0.7330983/0.9139235/0/0/0/1
275#3.055556#0.7236574/0.2543651/-0.6415749/0.3464952/-0.1388185/0.9642515/0.2257179/0.895739/0.6760542/-0.07427994/0.7330983/0.9139235/0/0/0/1
276#3.066667#0.7236574/0.2543651/-0.6415749/0.3464952/-0.1388185/0.9642515/0.2257179/0.895739/0.6760542/-0.07427994/0.7330983/0.9139235/0/0/0/1
277#3.077778#0.7236574/0.2543651/-0.6415749/0.3464952/-0.1388185/0.9642515/0.2257179/0.895739/0.6760542/-0.07427994/0.7330983/0.9139235/0/0/0/1
278#3.088889#0.7236574/0.2543651/-0.6415749/0.3464952/-0.1388185/0.9642515/0.2257179/0.895739/0.6760542/-0.07427994/0.7330983/0.9139235/0/0/0/1
279#3.1#0.7236574/0.2543651/-0.6415749/0.3464952/-0.1388185/0.9642515/0.2257179/0.895739/0.6760542/-0.07427994/0.7330983/0.9139235/0/0/0/1
280#3.111111#0.7238552/0.2557054/-0.6408185/0.348071/-0.1404865/0.9639542/0.2259554/0.8967322/0.6754977/-0.07353262/0.7336864/0.9139364/0/0/0/1
281#3.122222#0.7190494/0.2616518/-0.6438218/0.3476359/-0.1490925/0.9629256/0.2248237/0.8969924/0.6787781/-0.06567036/0.7314013/0.9147024/0/0/0/1
282#3.133333#0.71798/0.262311/-0.6447461/0.3480325/-0.1497098/0.9627907/0.2249908/0.8973142/0.6797732/-0.06501407/0.730535/0.9147985/0/0/0/1
283#3.144444#0.7183473/0.2595471/-0.6454553/0.3483007/-0.146127/0.9633936/0.2247656/0.8976434/0.6801647/-0.06714129/0.7299781/0.9149361/0/0/0/1
284#3.155556#0.7180071/0.258764/-0.6461478/0.3486615/-0.1449229/0.9635586/0.2248381/0.8980353/0.6807813/-0.06779375/0.7293428/0.9150345/0/0/0/1
285#3.166667#0.7172189/0.2591129/-0.646883/0.3491133/-0.1453873/0.9635105/0.2247446/0.8983176/0.6815129/-0.0671425/0.7287196/0.9151592/0/0/0/1
286#3.177778#0.7163432/0.2609059/-0.6471326/0.3496001/-0.1476134/0.9631338/0.2249082/0.8986249/0.6819551/-0.06558599/0.7284474/0.9152594/0/0/0/1
287#3.188889#0.7156004/0.2625759/-0.6472788/0.3501542/-0.1499422/0.962799/0.2248012/0.8989506/0.6822266/-0.06381345/0.7283506/0.9151349/0/0/0/1
288#3.2#0.7158242/0.2627307/-0.6469685/0.350702/-0.1501949/0.9627615/0.2247927/0.8992822/0.6819363/-0.0637407/0.7286288/0.9148042/0/0/0/1
289#3.211111#0.7162638/0.2636518/-0.6461068/0.3513504/-0.1514119/0.9625403/0.2249235/0.8996338/0.6812053/-0.06327631/0.7293528/0.914465/0/0/0/1
290#3.222222#0.7174808/0.259697/-0.646358/0.3482764/-0.1510033/0.9638257/0.2196316/0.8946834/0.6800142/-0.05997925/0.7307414/0.9162524/0/0/0/1
291#3.233333#0.7172298/0.2627569/-0.6453993/0.3486671/-0.1551318/0.963149/0.2197228/0.8947194/0.6793494/-0.0574698/0.7315612/0.9164336/0/0/0/1
292#3.244445#0.7164842/0.264635/-0.64546/0.3455858/-0.1586747/0.9628233/0.2186175/0.8954479/0.6793178/-0.05421786/0.7318386/0.9169712/0/0/0/1
293#3.255556#0.7160983/0.2679691/-0.6445121/0.3457576/-0.1631805/0.9620538/0.2186885/0.8954786/0.6786571/-0.05143061/0.7326524/0.9171524/0/0/0/1
294#3.266667#0.7161225/0.2679346/-0.6444996/0.345755/-0.1635396/0.9620919/0.2182521/0.8945521/0.6785452/-0.05089404/0.7327935/0.9172776/0/0/0/1
295#3.277778#0.7167636/0.2664856/-0.6443877/0.3439913/-0.1619204/0.9624432/0.2179102/0.8952762/0.6782565/-0.05185062/0.7329937/0.9179289/0/0/0/1
296#3.288889#0.7169627/0.2647492/-0.6448817/0.3437315/-0.1594591/0.9628341/0.2179986/0.8952827/0.678629/-0.05346457/0.7325327/0.9179292/0/0/0/1
297#3.3#0.717494/0.2615842/-0.645582/0.3431914/-0.1551709/0.9635423/0.2179635/0.8956929/0.6790614/-0.05621197/0.7319261/0.9177582/0/0/0/1
298#3.311111#0.7183415/0.2562847/-0.6467638/0.3427168/-0.1479427/0.9646825/0.2179465/0.8956418/0.679778/-0.06087608/0.7308871/0.9174874/0/0/0/1
299#3.322222#0.7194193/0.2442194/-0.6502252/0.2971499/-0.1383203/0.9677704/0.2104471/0.9278405/0.6806639/-0.0614604/0.7300132/0.9334807/0/0/0/1
300#3.333333#0.7198715/0.2400266/-0.651285/0.2953361/-0.1328736/0.9686071/0.210107/0.928521/0.6812705/-0.06471147/0.7291659/0.934159/0/0/0/1
301#3.344445#0.7200317/0.2375282/-0.6520235/0.2936156/-0.1295247/0.9690844/0.209997/0.9292678/0.6817461/-0.06675138/0.7285371/0.9348435/0/0/0/1
302#3.355556#0.7202994/0.2360119/-0.6522784/0.2919689/-0.1274954/0.9693634/0.209951/0.9299846/0.6818458/-0.0680651/0.7283224/0.9356644/0/0/0/1
